0	1
1000000000	51645
2000000000	73036
3000000000	89450
4000000000	103286
5000000000	115476
6000000000	126498
7000000000	136634
8000000000	146066
9000000000	154926
10000000000	163306
11000000000	171276
12000000000	178893
13000000000	186197
14000000000	193227
15000000000	200009
16000000000	206567
17000000000	212925
18000000000	219097
19000000000	225101
20000000000	230949
21000000000	236651
22000000000	242219
23000000000	247663
24000000000	252991
25000000000	258207
26000000000	263321
27000000000	268337
28000000000	273261
29000000000	278097
30000000000	282851
31000000000	287525
32000000000	292127
33000000000	296657
34000000000	301117
35000000000	305513
36000000000	309847
37000000000	314121
38000000000	318337
39000000000	322499
40000000000	326607
41000000000	330665
42000000000	334673
43000000000	338633
44000000000	342547
45000000000	346419
46000000000	350247
47000000000	354033
48000000000	357779
49000000000	361487
50000000000	365157
51000000000	368789
52000000000	372389
53000000000	375951
54000000000	379481
55000000000	382979
56000000000	386445
57000000000	389879
58000000000	393285
59000000000	396661
60000000000	400007
61000000000	403327
62000000000	406619
63000000000	409885
64000000000	413127
65000000000	416341
66000000000	419531
67000000000	422699
68000000000	425841
69000000000	428961
70000000000	432057
71000000000	435133
72000000000	438185
73000000000	441219
74000000000	444231
75000000000	447221
76000000000	450193
77000000000	453145
78000000000	456077
79000000000	458993
80000000000	461889
81000000000	464765
82000000000	467627
83000000000	470469
84000000000	473295
85000000000	476103
86000000000	478895
87000000000	481671
88000000000	484433
89000000000	487177
90000000000	489905
91000000000	492621
92000000000	495319
93000000000	498005
94000000000	500675
95000000000	503331
96000000000	505973
97000000000	508601
98000000000	511215
99000000000	513817
100000000000	516407
101000000000	518981
102000000000	521543
103000000000	524095
104000000000	526633
105000000000	529159
106000000000	531672
107000000000	534174
108000000000	536666
109000000000	539144
110000000000	541612
111000000000	544068
112000000000	546514
113000000000	548948
114000000000	551370
115000000000	553784
116000000000	556186
117000000000	558578
118000000000	560960
119000000000	563332
120000000000	565694
121000000000	568046
122000000000	570390
123000000000	572722
124000000000	575046
125000000000	577360
126000000000	579664
127000000000	581960
128000000000	584246
129000000000	586524
130000000000	588792
131000000000	591054
132000000000	593304
133000000000	595548
134000000000	597782
135000000000	600008
136000000000	602226
137000000000	604438
138000000000	606640
139000000000	608832
140000000000	611020
141000000000	613198
142000000000	615368
143000000000	617532
144000000000	619686
145000000000	621834
146000000000	623976
147000000000	626108
148000000000	628234
149000000000	630352
150000000000	632464
151000000000	634570
152000000000	636666
153000000000	638758
154000000000	640842
155000000000	642918
156000000000	644990
157000000000	647054
158000000000	649110
159000000000	651162
160000000000	653206
161000000000	655244
162000000000	657276
163000000000	659302
164000000000	661320
165000000000	663334
166000000000	665340
167000000000	667342
168000000000	669336
169000000000	671326
170000000000	673310
171000000000	675286
172000000000	677258
173000000000	679224
174000000000	681184
175000000000	683140
176000000000	685088
177000000000	687032
178000000000	688970
179000000000	690902
180000000000	692830
181000000000	694752
182000000000	696668
183000000000	698580
184000000000	700486
185000000000	702386
186000000000	704282
187000000000	706172
188000000000	708058
189000000000	709938
190000000000	711814
191000000000	713686
192000000000	715550
193000000000	717412
194000000000	719268
195000000000	721120
196000000000	722966
197000000000	724808
198000000000	726646
199000000000	728478
200000000000	730306
201000000000	732130
202000000000	733948
203000000000	735762
204000000000	737572
205000000000	739378
206000000000	741180
207000000000	742976
208000000000	744768
209000000000	746556
210000000000	748340
211000000000	750120
212000000000	751896
213000000000	753666
214000000000	755434
215000000000	757196
216000000000	758956
217000000000	760710
218000000000	762462
219000000000	764208
220000000000	765950
221000000000	767690
222000000000	769424
223000000000	771156
224000000000	772882
225000000000	774606
226000000000	776326
227000000000	778040
228000000000	779752
229000000000	781460
230000000000	783166
231000000000	784866
232000000000	786562
233000000000	788256
234000000000	789946
235000000000	791632
236000000000	793314
237000000000	794994
238000000000	796668
239000000000	798340
240000000000	800010
241000000000	801674
242000000000	803336
243000000000	804994
244000000000	806648
245000000000	808300
246000000000	809948
247000000000	811592
248000000000	813234
249000000000	814872
250000000000	816506
251000000000	818136
252000000000	819764
253000000000	821390
254000000000	823012
255000000000	824630
256000000000	826246
257000000000	827858
258000000000	829466
259000000000	831072
260000000000	832676
261000000000	834276
262000000000	835872
263000000000	837466
264000000000	839056
265000000000	840644
266000000000	842228
267000000000	843810
268000000000	845388
269000000000	846964
270000000000	848538
271000000000	850108
272000000000	851674
273000000000	853238
274000000000	854800
275000000000	856358
276000000000	857914
277000000000	859466
278000000000	861016
279000000000	862564
280000000000	864108
281000000000	865650
282000000000	867188
283000000000	868724
284000000000	870258
285000000000	871788
286000000000	873318
287000000000	874842
288000000000	876366
289000000000	877884
290000000000	879402
291000000000	880918
292000000000	882430
293000000000	883940
294000000000	885446
295000000000	886952
296000000000	888454
297000000000	889952
298000000000	891450
299000000000	892944
300000000000	894436
301000000000	895926
302000000000	897412
303000000000	898896
304000000000	900380
305000000000	901860
306000000000	903336
307000000000	904812
308000000000	906284
309000000000	907754
310000000000	909222
311000000000	910686
312000000000	912150
313000000000	913610
314000000000	915068
315000000000	916524
316000000000	917978
317000000000	919428
318000000000	920878
319000000000	922326
320000000000	923770
321000000000	925212
322000000000	926652
323000000000	928090
324000000000	929526
325000000000	930958
326000000000	932390
327000000000	933818
328000000000	935246
329000000000	936670
330000000000	938092
331000000000	939512
332000000000	940930
333000000000	942346
334000000000	943760
335000000000	945172
336000000000	946582
337000000000	947990
338000000000	949394
339000000000	950798
340000000000	952200
341000000000	953598
342000000000	954996
343000000000	956392
344000000000	957784
345000000000	959176
346000000000	960564
347000000000	961952
348000000000	963336
349000000000	964720
350000000000	966102
351000000000	967480
352000000000	968856
353000000000	970232
354000000000	971606
355000000000	972978
356000000000	974346
357000000000	975714
358000000000	977080
359000000000	978444
360000000000	979806
361000000000	981164
362000000000	982522
363000000000	983880
364000000000	985234
365000000000	986586
366000000000	987936
367000000000	989286
368000000000	990632
369000000000	991976
370000000000	993320
371000000000	994662
372000000000	996000
373000000000	997338
374000000000	998674
375000000000	1000008
376000000000	1001342
377000000000	1002672
378000000000	1004002
379000000000	1005328
380000000000	1006654
381000000000	1007978
382000000000	1009300
383000000000	1010620
384000000000	1011938
385000000000	1013254
386000000000	1014570
387000000000	1015884
388000000000	1017194
389000000000	1018504
390000000000	1019814
391000000000	1021120
392000000000	1022424
393000000000	1023728
394000000000	1025030
395000000000	1026330
396000000000	1027628
397000000000	1028924
398000000000	1030220
399000000000	1031514
400000000000	1032804
401000000000	1034094
402000000000	1035384
403000000000	1036670
404000000000	1037956
405000000000	1039240
406000000000	1040522
407000000000	1041802
408000000000	1043082
409000000000	1044360
410000000000	1045634
411000000000	1046910
412000000000	1048182
413000000000	1049454
414000000000	1050722
415000000000	1051992
416000000000	1053258
417000000000	1054524
418000000000	1055786
419000000000	1057050
420000000000	1058310
421000000000	1059568
422000000000	1060826
423000000000	1062082
424000000000	1063338
425000000000	1064590
426000000000	1065842
427000000000	1067092
428000000000	1068342
429000000000	1069588
430000000000	1070834
431000000000	1072078
432000000000	1073322
433000000000	1074564
434000000000	1075804
435000000000	1077042
436000000000	1078278
437000000000	1079514
438000000000	1080750
439000000000	1081982
440000000000	1083214
441000000000	1084444
442000000000	1085674
443000000000	1086900
444000000000	1088126
445000000000	1089352
446000000000	1090574
447000000000	1091796
448000000000	1093018
449000000000	1094236
450000000000	1095454
451000000000	1096670
452000000000	1097886
453000000000	1099100
454000000000	1100312
455000000000	1101522
456000000000	1102734
457000000000	1103942
458000000000	1105148
459000000000	1106354
460000000000	1107558
461000000000	1108762
462000000000	1109964
463000000000	1111164
464000000000	1112364
465000000000	1113562
466000000000	1114758
467000000000	1115954
468000000000	1117148
469000000000	1118340
470000000000	1119532
471000000000	1120722
472000000000	1121912
473000000000	1123100
474000000000	1124286
475000000000	1125472
476000000000	1126656
477000000000	1127838
478000000000	1129020
479000000000	1130200
480000000000	1131380
481000000000	1132558
482000000000	1133734
483000000000	1134910
484000000000	1136084
485000000000	1137258
486000000000	1138428
487000000000	1139600
488000000000	1140768
489000000000	1141938
490000000000	1143104
491000000000	1144270
492000000000	1145436
493000000000	1146598
494000000000	1147760
495000000000	1148922
496000000000	1150082
497000000000	1151240
498000000000	1152398
499000000000	1153554
500000000000	1154710
501000000000	1155864
502000000000	1157016
503000000000	1158168
504000000000	1159320
505000000000	1160468
506000000000	1161618
507000000000	1162764
508000000000	1163910
509000000000	1165056
510000000000	1166200
511000000000	1167342
512000000000	1168484
513000000000	1169624
514000000000	1170764
515000000000	1171902
516000000000	1173040
517000000000	1174176
518000000000	1175310
519000000000	1176444
520000000000	1177578
521000000000	1178708
522000000000	1179840
523000000000	1180968
524000000000	1182098
525000000000	1183224
526000000000	1184352
527000000000	1185476
528000000000	1186602
529000000000	1187724
530000000000	1188846
531000000000	1189968
532000000000	1191086
533000000000	1192206
534000000000	1193324
535000000000	1194440
536000000000	1195556
537000000000	1196670
538000000000	1197784
539000000000	1198898
540000000000	1200010
541000000000	1201120
542000000000	1202230
543000000000	1203338
544000000000	1204446
545000000000	1205552
546000000000	1206658
547000000000	1207762
548000000000	1208866
549000000000	1209968
550000000000	1211070
551000000000	1212170
552000000000	1213270
553000000000	1214368
554000000000	1215466
555000000000	1216562
556000000000	1217658
557000000000	1218752
558000000000	1219846
559000000000	1220938
560000000000	1222030
561000000000	1223120
562000000000	1224210
563000000000	1225298
564000000000	1226386
565000000000	1227472
566000000000	1228558
567000000000	1229644
568000000000	1230726
569000000000	1231810
570000000000	1232892
571000000000	1233972
572000000000	1235052
573000000000	1236132
574000000000	1237210
575000000000	1238288
576000000000	1239364
577000000000	1240440
578000000000	1241514
579000000000	1242588
580000000000	1243660
581000000000	1244732
582000000000	1245802
583000000000	1246872
584000000000	1247940
585000000000	1249008
586000000000	1250076
587000000000	1251142
588000000000	1252206
589000000000	1253272
590000000000	1254336
591000000000	1255398
592000000000	1256460
593000000000	1257520
594000000000	1258580
595000000000	1259638
596000000000	1260696
597000000000	1261754
598000000000	1262810
599000000000	1263866
600000000000	1264920
601000000000	1265974
602000000000	1267026
603000000000	1268078
604000000000	1269130
605000000000	1270180
606000000000	1271228
607000000000	1272278
608000000000	1273326
609000000000	1274372
610000000000	1275418
611000000000	1276462
612000000000	1277506
613000000000	1278550
614000000000	1279592
615000000000	1280634
616000000000	1281674
617000000000	1282714
618000000000	1283754
619000000000	1284792
620000000000	1285830
621000000000	1286866
622000000000	1287902
623000000000	1288936
624000000000	1289970
625000000000	1291004
626000000000	1292036
627000000000	1293068
628000000000	1294098
629000000000	1295128
630000000000	1296156
631000000000	1297186
632000000000	1298214
633000000000	1299240
634000000000	1300266
635000000000	1301290
636000000000	1302314
637000000000	1303338
638000000000	1304360
639000000000	1305382
640000000000	1306404
641000000000	1307424
642000000000	1308444
643000000000	1309462
644000000000	1310480
645000000000	1311496
646000000000	1312512
647000000000	1313528
648000000000	1314544
649000000000	1315556
650000000000	1316570
651000000000	1317582
652000000000	1318594
653000000000	1319604
654000000000	1320614
655000000000	1321624
656000000000	1322632
657000000000	1323640
658000000000	1324648
659000000000	1325654
660000000000	1326660
661000000000	1327664
662000000000	1328668
663000000000	1329670
664000000000	1330674
665000000000	1331674
666000000000	1332676
667000000000	1333676
668000000000	1334676
669000000000	1335674
670000000000	1336672
671000000000	1337668
672000000000	1338666
673000000000	1339660
674000000000	1340656
675000000000	1341650
676000000000	1342644
677000000000	1343636
678000000000	1344628
679000000000	1345620
680000000000	1346610
681000000000	1347600
682000000000	1348588
683000000000	1349576
684000000000	1350564
685000000000	1351552
686000000000	1352538
687000000000	1353522
688000000000	1354508
689000000000	1355492
690000000000	1356474
691000000000	1357458
692000000000	1358440
693000000000	1359420
694000000000	1360402
695000000000	1361382
696000000000	1362360
697000000000	1363338
698000000000	1364316
699000000000	1365292
700000000000	1366270
701000000000	1367244
702000000000	1368220
703000000000	1369194
704000000000	1370166
705000000000	1371140
706000000000	1372112
707000000000	1373084
708000000000	1374054
709000000000	1375024
710000000000	1375994
711000000000	1376962
712000000000	1377930
713000000000	1378898
714000000000	1379864
715000000000	1380830
716000000000	1381794
717000000000	1382760
718000000000	1383724
719000000000	1384686
720000000000	1385650
721000000000	1386612
722000000000	1387572
723000000000	1388534
724000000000	1389494
725000000000	1390452
726000000000	1391412
727000000000	1392370
728000000000	1393326
729000000000	1394284
730000000000	1395240
731000000000	1396194
732000000000	1397148
733000000000	1398102
734000000000	1399056
735000000000	1400010
736000000000	1400962
737000000000	1401912
738000000000	1402864
739000000000	1403814
740000000000	1404762
741000000000	1405712
742000000000	1406660
743000000000	1407608
744000000000	1408554
745000000000	1409500
746000000000	1410446
747000000000	1411392
748000000000	1412336
749000000000	1413280
750000000000	1414222
751000000000	1415166
752000000000	1416108
753000000000	1417048
754000000000	1417988
755000000000	1418928
756000000000	1419868
757000000000	1420806
758000000000	1421746
759000000000	1422682
760000000000	1423620
761000000000	1424556
762000000000	1425492
763000000000	1426426
764000000000	1427360
765000000000	1428294
766000000000	1429228
767000000000	1430160
768000000000	1431092
769000000000	1432024
770000000000	1432954
771000000000	1433886
772000000000	1434814
773000000000	1435744
774000000000	1436672
775000000000	1437600
776000000000	1438526
777000000000	1439454
778000000000	1440380
779000000000	1441304
780000000000	1442230
781000000000	1443154
782000000000	1444078
783000000000	1445000
784000000000	1445922
785000000000	1446844
786000000000	1447766
787000000000	1448686
788000000000	1449606
789000000000	1450526
790000000000	1451446
791000000000	1452364
792000000000	1453282
793000000000	1454198
794000000000	1455114
795000000000	1456032
796000000000	1456946
797000000000	1457862
798000000000	1458776
799000000000	1459690
800000000000	1460602
801000000000	1461516
802000000000	1462428
803000000000	1463338
804000000000	1464250
805000000000	1465160
806000000000	1466070
807000000000	1466978
808000000000	1467888
809000000000	1468796
810000000000	1469702
811000000000	1470610
812000000000	1471516
813000000000	1472422
814000000000	1473328
815000000000	1474232
816000000000	1475136
817000000000	1476040
818000000000	1476942
819000000000	1477846
820000000000	1478748
821000000000	1479648
822000000000	1480550
823000000000	1481450
824000000000	1482350
825000000000	1483248
826000000000	1484148
827000000000	1485046
828000000000	1485942
829000000000	1486840
830000000000	1487736
831000000000	1488632
832000000000	1489528
833000000000	1490424
834000000000	1491318
835000000000	1492212
836000000000	1493104
837000000000	1493996
838000000000	1494888
839000000000	1495782
840000000000	1496672
841000000000	1497562
842000000000	1498452
843000000000	1499342
844000000000	1500232
845000000000	1501120
846000000000	1502008
847000000000	1502896
848000000000	1503782
849000000000	1504668
850000000000	1505554
851000000000	1506440
852000000000	1507324
853000000000	1508208
854000000000	1509092
855000000000	1509976
856000000000	1510858
857000000000	1511742
858000000000	1512622
859000000000	1513504
860000000000	1514384
861000000000	1515264
862000000000	1516144
863000000000	1517024
864000000000	1517902
865000000000	1518780
866000000000	1519658
867000000000	1520536
868000000000	1521412
869000000000	1522288
870000000000	1523164
871000000000	1524038
872000000000	1524914
873000000000	1525788
874000000000	1526662
875000000000	1527534
876000000000	1528406
877000000000	1529280
878000000000	1530150
879000000000	1531022
880000000000	1531892
881000000000	1532762
882000000000	1533632
883000000000	1534502
884000000000	1535370
885000000000	1536238
886000000000	1537106
887000000000	1537974
888000000000	1538840
889000000000	1539706
890000000000	1540572
891000000000	1541436
892000000000	1542302
893000000000	1543166
894000000000	1544030
895000000000	1544892
896000000000	1545756
897000000000	1546618
898000000000	1547480
899000000000	1548342
900000000000	1549202
901000000000	1550062
902000000000	1550922
903000000000	1551782
904000000000	1552642
905000000000	1553500
906000000000	1554358
907000000000	1555216
908000000000	1556072
909000000000	1556928
910000000000	1557786
911000000000	1558640
912000000000	1559496
913000000000	1560350
914000000000	1561206
915000000000	1562058
916000000000	1562912
917000000000	1563766
918000000000	1564618
919000000000	1565470
920000000000	1566320
921000000000	1567172
922000000000	1568022
923000000000	1568872
924000000000	1569722
925000000000	1570572
926000000000	1571420
927000000000	1572268
928000000000	1573116
929000000000	1573964
930000000000	1574810
931000000000	1575656
932000000000	1576502
933000000000	1577348
934000000000	1578194
935000000000	1579038
936000000000	1579882
937000000000	1580726
938000000000	1581570
939000000000	1582412
940000000000	1583254
941000000000	1584096
942000000000	1584938
943000000000	1585780
944000000000	1586620
945000000000	1587460
946000000000	1588300
947000000000	1589138
948000000000	1589978
949000000000	1590816
950000000000	1591654
951000000000	1592492
952000000000	1593328
953000000000	1594164
954000000000	1595003
955000000000	1595839
956000000000	1596673
957000000000	1597507
958000000000	1598343
959000000000	1599177
960000000000	1600009
961000000000	1600843
962000000000	1601677
963000000000	1602509
964000000000	1603339
965000000000	1604171
966000000000	1605001
967000000000	1605833
968000000000	1606663
969000000000	1607493
970000000000	1608321
971000000000	1609151
972000000000	1609979
973000000000	1610807
974000000000	1611635
975000000000	1612461
976000000000	1613289
977000000000	1614115
978000000000	1614941
979000000000	1615765
980000000000	1616591
981000000000	1617415
982000000000	1618239
983000000000	1619063
984000000000	1619887
985000000000	1620709
986000000000	1621531
987000000000	1622353
988000000000	1623175
989000000000	1623997
990000000000	1624817
991000000000	1625639
992000000000	1626457
993000000000	1627277
994000000000	1628097
995000000000	1628915
996000000000	1629733
997000000000	1630551
998000000000	1631369
999000000000	1632187
1000000000000	1633003
1001000000000	1633819
1002000000000	1634635
1003000000000	1635451
1004000000000	1636267
1005000000000	1637081
1006000000000	1637895
1007000000000	1638709
1008000000000	1639523
1009000000000	1640335
1010000000000	1641147
1011000000000	1641961
1012000000000	1642771
1013000000000	1643583
1014000000000	1644395
1015000000000	1645205
1016000000000	1646015
1017000000000	1646825
1018000000000	1647635
1019000000000	1648443
1020000000000	1649253
1021000000000	1650061
1022000000000	1650869
1023000000000	1651675
1024000000000	1652483
1025000000000	1653289
1026000000000	1654095
1027000000000	1654901
1028000000000	1655707
1029000000000	1656513
1030000000000	1657317
1031000000000	1658121
1032000000000	1658925
1033000000000	1659729
1034000000000	1660531
1035000000000	1661335
1036000000000	1662137
1037000000000	1662939
1038000000000	1663741
1039000000000	1664541
1040000000000	1665343
1041000000000	1666143
1042000000000	1666943
1043000000000	1667743
1044000000000	1668543
1045000000000	1669341
1046000000000	1670139
1047000000000	1670937
1048000000000	1671735
1049000000000	1672533
1050000000000	1673329
1051000000000	1674127
1052000000000	1674923
1053000000000	1675719
1054000000000	1676515
1055000000000	1677309
1056000000000	1678105
1057000000000	1678899
1058000000000	1679693
1059000000000	1680487
1060000000000	1681279
1061000000000	1682071
1062000000000	1682865
1063000000000	1683657
1064000000000	1684449
1065000000000	1685239
1066000000000	1686031
1067000000000	1686821
1068000000000	1687611
1069000000000	1688401
1070000000000	1689191
1071000000000	1689981
1072000000000	1690769
1073000000000	1691557
1074000000000	1692345
1075000000000	1693133
1076000000000	1693921
1077000000000	1694707
1078000000000	1695495
1079000000000	1696281
1080000000000	1697065
1081000000000	1697851
1082000000000	1698637
1083000000000	1699421
1084000000000	1700207
1085000000000	1700989
1086000000000	1701775
1087000000000	1702557
1088000000000	1703341
1089000000000	1704123
1090000000000	1704905
1091000000000	1705687
1092000000000	1706469
1093000000000	1707249
1094000000000	1708031
1095000000000	1708811
1096000000000	1709591
1097000000000	1710371
1098000000000	1711149
1099000000000	1711929
1100000000000	1712707
1101000000000	1713487
1102000000000	1714263
1103000000000	1715041
1104000000000	1715819
1105000000000	1716595
1106000000000	1717373
1107000000000	1718149
1108000000000	1718925
1109000000000	1719699
1110000000000	1720475
1111000000000	1721251
1112000000000	1722025
1113000000000	1722799
1114000000000	1723573
1115000000000	1724345
1116000000000	1725119
1117000000000	1725891
1118000000000	1726663
1119000000000	1727437
1120000000000	1728207
1121000000000	1728979
1122000000000	1729749
1123000000000	1730521
1124000000000	1731291
1125000000000	1732061
1126000000000	1732831
1127000000000	1733599
1128000000000	1734369
1129000000000	1735137
1130000000000	1735905
1131000000000	1736673
1132000000000	1737441
1133000000000	1738209
1134000000000	1738975
1135000000000	1739743
1136000000000	1740509
1137000000000	1741273
1138000000000	1742039
1139000000000	1742805
1140000000000	1743569
1141000000000	1744333
1142000000000	1745099
1143000000000	1745863
1144000000000	1746625
1145000000000	1747389
1146000000000	1748151
1147000000000	1748915
1148000000000	1749677
1149000000000	1750439
1150000000000	1751201
1151000000000	1751961
1152000000000	1752721
1153000000000	1753483
1154000000000	1754243
1155000000000	1755003
1156000000000	1755763
1157000000000	1756521
1158000000000	1757281
1159000000000	1758039
1160000000000	1758797
1161000000000	1759555
1162000000000	1760313
1163000000000	1761071
1164000000000	1761827
1165000000000	1762585
1166000000000	1763341
1167000000000	1764097
1168000000000	1764853
1169000000000	1765607
1170000000000	1766363
1171000000000	1767117
1172000000000	1767871
1173000000000	1768625
1174000000000	1769379
1175000000000	1770133
1176000000000	1770885
1177000000000	1771639
1178000000000	1772391
1179000000000	1773143
1180000000000	1773895
1181000000000	1774645
1182000000000	1775397
1183000000000	1776149
1184000000000	1776899
1185000000000	1777649
1186000000000	1778399
1187000000000	1779149
1188000000000	1779897
1189000000000	1780647
1190000000000	1781395
1191000000000	1782143
1192000000000	1782891
1193000000000	1783639
1194000000000	1784387
1195000000000	1785133
1196000000000	1785881
1197000000000	1786627
1198000000000	1787373
1199000000000	1788119
1200000000000	1788865
1201000000000	1789609
1202000000000	1790355
1203000000000	1791099
1204000000000	1791843
1205000000000	1792587
1206000000000	1793331
1207000000000	1794075
1208000000000	1794817
1209000000000	1795561
1210000000000	1796303
1211000000000	1797045
1212000000000	1797787
1213000000000	1798527
1214000000000	1799269
1215000000000	1800009
1216000000000	1800751
1217000000000	1801491
1218000000000	1802231
1219000000000	1802971
1220000000000	1803709
1221000000000	1804449
1222000000000	1805187
1223000000000	1805927
1224000000000	1806665
1225000000000	1807403
1226000000000	1808139
1227000000000	1808877
1228000000000	1809613
1229000000000	1810351
1230000000000	1811087
1231000000000	1811823
1232000000000	1812559
1233000000000	1813295
1234000000000	1814029
1235000000000	1814765
1236000000000	1815499
1237000000000	1816233
1238000000000	1816967
1239000000000	1817701
1240000000000	1818435
1241000000000	1819167
1242000000000	1819901
1243000000000	1820633
1244000000000	1821365
1245000000000	1822097
1246000000000	1822829
1247000000000	1823559
1248000000000	1824291
1249000000000	1825021
1250000000000	1825753
1251000000000	1826483
1252000000000	1827211
1253000000000	1827941
1254000000000	1828671
1255000000000	1829401
1256000000000	1830129
1257000000000	1830857
1258000000000	1831585
1259000000000	1832313
1260000000000	1833041
1261000000000	1833767
1262000000000	1834495
1263000000000	1835221
1264000000000	1835947
1265000000000	1836673
1266000000000	1837399
1267000000000	1838125
1268000000000	1838851
1269000000000	1839575
1270000000000	1840299
1271000000000	1841025
1272000000000	1841749
1273000000000	1842473
1274000000000	1843195
1275000000000	1843919
1276000000000	1844641
1277000000000	1845365
1278000000000	1846087
1279000000000	1846809
1280000000000	1847531
1281000000000	1848253
1282000000000	1848973
1283000000000	1849695
1284000000000	1850415
1285000000000	1851135
1286000000000	1851855
1287000000000	1852575
1288000000000	1853295
1289000000000	1854015
1290000000000	1854733
1291000000000	1855453
1292000000000	1856171
1293000000000	1856889
1294000000000	1857607
1295000000000	1858325
1296000000000	1859041
1297000000000	1859759
1298000000000	1860475
1299000000000	1861193
1300000000000	1861909
1301000000000	1862625
1302000000000	1863341
1303000000000	1864055
1304000000000	1864771
1305000000000	1865485
1306000000000	1866201
1307000000000	1866915
1308000000000	1867629
1309000000000	1868343
1310000000000	1869055
1311000000000	1869769
1312000000000	1870483
1313000000000	1871195
1314000000000	1871907
1315000000000	1872619
1316000000000	1873331
1317000000000	1874043
1318000000000	1874755
1319000000000	1875465
1320000000000	1876177
1321000000000	1876887
1322000000000	1877597
1323000000000	1878307
1324000000000	1879017
1325000000000	1879727
1326000000000	1880435
1327000000000	1881145
1328000000000	1881853
1329000000000	1882561
1330000000000	1883269
1331000000000	1883977
1332000000000	1884685
1333000000000	1885393
1334000000000	1886099
1335000000000	1886807
1336000000000	1887513
1337000000000	1888219
1338000000000	1888925
1339000000000	1889631
1340000000000	1890337
1341000000000	1891041
1342000000000	1891747
1343000000000	1892451
1344000000000	1893155
1345000000000	1893859
1346000000000	1894563
1347000000000	1895267
1348000000000	1895971
1349000000000	1896673
1350000000000	1897377
1351000000000	1898079
1352000000000	1898781
1353000000000	1899483
1354000000000	1900185
1355000000000	1900887
1356000000000	1901589
1357000000000	1902289
1358000000000	1902991
1359000000000	1903691
1360000000000	1904391
1361000000000	1905091
1362000000000	1905791
1363000000000	1906491
1364000000000	1907189
1365000000000	1907889
1366000000000	1908587
1367000000000	1909285
1368000000000	1909983
1369000000000	1910681
1370000000000	1911379
1371000000000	1912077
1372000000000	1912775
1373000000000	1913471
1374000000000	1914167
1375000000000	1914865
1376000000000	1915561
1377000000000	1916257
1378000000000	1916953
1379000000000	1917647
1380000000000	1918343
1381000000000	1919037
1382000000000	1919733
1383000000000	1920427
1384000000000	1921121
1385000000000	1921815
1386000000000	1922509
1387000000000	1923201
1388000000000	1923895
1389000000000	1924587
1390000000000	1925281
1391000000000	1925973
1392000000000	1926665
1393000000000	1927357
1394000000000	1928049
1395000000000	1928741
1396000000000	1929431
1397000000000	1930123
1398000000000	1930813
1399000000000	1931503
1400000000000	1932193
1401000000000	1932883
1402000000000	1933573
1403000000000	1934263
1404000000000	1934953
1405000000000	1935641
1406000000000	1936329
1407000000000	1937017
1408000000000	1937707
1409000000000	1938395
1410000000000	1939081
1411000000000	1939769
1412000000000	1940457
1413000000000	1941143
1414000000000	1941831
1415000000000	1942517
1416000000000	1943203
1417000000000	1943889
1418000000000	1944575
1419000000000	1945261
1420000000000	1945945
1421000000000	1946631
1422000000000	1947315
1423000000000	1948001
1424000000000	1948685
1425000000000	1949369
1426000000000	1950053
1427000000000	1950737
1428000000000	1951419
1429000000000	1952103
1430000000000	1952785
1431000000000	1953469
1432000000000	1954151
1433000000000	1954833
1434000000000	1955515
1435000000000	1956197
1436000000000	1956877
1437000000000	1957559
1438000000000	1958241
1439000000000	1958921
1440000000000	1959601
1441000000000	1960283
1442000000000	1960963
1443000000000	1961641
1444000000000	1962321
1445000000000	1963001
1446000000000	1963681
1447000000000	1964359
1448000000000	1965037
1449000000000	1965715
1450000000000	1966395
1451000000000	1967071
1452000000000	1967749
1453000000000	1968427
1454000000000	1969105
1455000000000	1969781
1456000000000	1970459
1457000000000	1971135
1458000000000	1971811
1459000000000	1972487
1460000000000	1973163
1461000000000	1973839
1462000000000	1974515
1463000000000	1975189
1464000000000	1975865
1465000000000	1976539
1466000000000	1977213
1467000000000	1977887
1468000000000	1978561
1469000000000	1979235
1470000000000	1979909
1471000000000	1980583
1472000000000	1981255
1473000000000	1981929
1474000000000	1982601
1475000000000	1983273
1476000000000	1983945
1477000000000	1984617
1478000000000	1985289
1479000000000	1985961
1480000000000	1986631
1481000000000	1987303
1482000000000	1987975
1483000000000	1988645
1484000000000	1989315
1485000000000	1989985
1486000000000	1990655
1487000000000	1991325
1488000000000	1991995
1489000000000	1992663
1490000000000	1993333
1491000000000	1994001
1492000000000	1994669
1493000000000	1995337
1494000000000	1996007
1495000000000	1996675
1496000000000	1997341
1497000000000	1998009
1498000000000	1998677
1499000000000	1999343
1500000000000	2000011
1501000000000	2000677
1502000000000	2001343
1503000000000	2002009
1504000000000	2002675
1505000000000	2003341
1506000000000	2004007
1507000000000	2004671
1508000000000	2005337
1509000000000	2006001
1510000000000	2006665
1511000000000	2007331
1512000000000	2007995
1513000000000	2008657
1514000000000	2009321
1515000000000	2009985
1516000000000	2010649
1517000000000	2011311
1518000000000	2011975
1519000000000	2012637
1520000000000	2013299
1521000000000	2013961
1522000000000	2014623
1523000000000	2015285
1524000000000	2015947
1525000000000	2016607
1526000000000	2017269
1527000000000	2017929
1528000000000	2018591
1529000000000	2019251
1530000000000	2019911
1531000000000	2020571
1532000000000	2021231
1533000000000	2021891
1534000000000	2022549
1535000000000	2023209
1536000000000	2023867
1537000000000	2024527
1538000000000	2025185
1539000000000	2025843
1540000000000	2026501
1541000000000	2027159
1542000000000	2027817
1543000000000	2028475
1544000000000	2029131
1545000000000	2029789
1546000000000	2030445
1547000000000	2031101
1548000000000	2031757
1549000000000	2032415
1550000000000	2033071
1551000000000	2033725
1552000000000	2034381
1553000000000	2035037
1554000000000	2035691
1555000000000	2036347
1556000000000	2037001
1557000000000	2037655
1558000000000	2038309
1559000000000	2038963
1560000000000	2039617
1561000000000	2040271
1562000000000	2040925
1563000000000	2041579
1564000000000	2042231
1565000000000	2042883
1566000000000	2043537
1567000000000	2044189
1568000000000	2044841
1569000000000	2045493
1570000000000	2046145
1571000000000	2046797
1572000000000	2047447
1573000000000	2048099
1574000000000	2048749
1575000000000	2049401
1576000000000	2050051
1577000000000	2050701
1578000000000	2051351
1579000000000	2052001
1580000000000	2052651
1581000000000	2053301
1582000000000	2053949
1583000000000	2054599
1584000000000	2055247
1585000000000	2055895
1586000000000	2056543
1587000000000	2057193
1588000000000	2057841
1589000000000	2058489
1590000000000	2059135
1591000000000	2059783
1592000000000	2060431
1593000000000	2061077
1594000000000	2061725
1595000000000	2062371
1596000000000	2063017
1597000000000	2063663
1598000000000	2064309
1599000000000	2064955
1600000000000	2065601
1601000000000	2066247
1602000000000	2066893
1603000000000	2067537
1604000000000	2068181
1605000000000	2068825
1606000000000	2069471
1607000000000	2070115
1608000000000	2070759
1609000000000	2071403
1610000000000	2072047
1611000000000	2072689
1612000000000	2073333
1613000000000	2073975
1614000000000	2074619
1615000000000	2075261
1616000000000	2075903
1617000000000	2076545
1618000000000	2077187
1619000000000	2077829
1620000000000	2078471
1621000000000	2079113
1622000000000	2079753
1623000000000	2080395
1624000000000	2081035
1625000000000	2081677
1626000000000	2082317
1627000000000	2082957
1628000000000	2083597
1629000000000	2084237
1630000000000	2084875
1631000000000	2085515
1632000000000	2086155
1633000000000	2086795
1634000000000	2087433
1635000000000	2088071
1636000000000	2088709
1637000000000	2089349
1638000000000	2089987
1639000000000	2090623
1640000000000	2091261
1641000000000	2091899
1642000000000	2092537
1643000000000	2093173
1644000000000	2093811
1645000000000	2094447
1646000000000	2095083
1647000000000	2095719
1648000000000	2096357
1649000000000	2096991
1650000000000	2097627
1651000000000	2098263
1652000000000	2098899
1653000000000	2099533
1654000000000	2100169
1655000000000	2100803
1656000000000	2101439
1657000000000	2102073
1658000000000	2102707
1659000000000	2103341
1660000000000	2103975
1661000000000	2104609
1662000000000	2105241
1663000000000	2105875
1664000000000	2106507
1665000000000	2107141
1666000000000	2107773
1667000000000	2108407
1668000000000	2109037
1669000000000	2109671
1670000000000	2110303
1671000000000	2110933
1672000000000	2111565
1673000000000	2112197
1674000000000	2112829
1675000000000	2113459
1676000000000	2114089
1677000000000	2114721
1678000000000	2115351
1679000000000	2115981
1680000000000	2116611
1681000000000	2117241
1682000000000	2117871
1683000000000	2118499
1684000000000	2119129
1685000000000	2119759
1686000000000	2120387
1687000000000	2121017
1688000000000	2121645
1689000000000	2122273
1690000000000	2122901
1691000000000	2123529
1692000000000	2124157
1693000000000	2124785
1694000000000	2125411
1695000000000	2126039
1696000000000	2126667
1697000000000	2127293
1698000000000	2127919
1699000000000	2128547
1700000000000	2129173
1701000000000	2129799
1702000000000	2130425
1703000000000	2131051
1704000000000	2131675
1705000000000	2132301
1706000000000	2132927
1707000000000	2133551
1708000000000	2134177
1709000000000	2134801
1710000000000	2135425
1711000000000	2136049
1712000000000	2136673
1713000000000	2137297
1714000000000	2137921
1715000000000	2138545
1716000000000	2139169
1717000000000	2139793
1718000000000	2140415
1719000000000	2141037
1720000000000	2141661
1721000000000	2142283
1722000000000	2142905
1723000000000	2143527
1724000000000	2144149
1725000000000	2144771
1726000000000	2145393
1727000000000	2146015
1728000000000	2146635
1729000000000	2147257
1730000000000	2147877
1731000000000	2148499
1732000000000	2149119
1733000000000	2149739
1734000000000	2150359
1735000000000	2150979
1736000000000	2151599
1737000000000	2152219
1738000000000	2152837
1739000000000	2153457
1740000000000	2154075
1741000000000	2154695
1742000000000	2155313
1743000000000	2155933
1744000000000	2156551
1745000000000	2157169
1746000000000	2157787
1747000000000	2158405
1748000000000	2159023
1749000000000	2159639
1750000000000	2160257
1751000000000	2160873
1752000000000	2161491
1753000000000	2162107
1754000000000	2162725
1755000000000	2163341
1756000000000	2163957
1757000000000	2164573
1758000000000	2165189
1759000000000	2165805
1760000000000	2166421
1761000000000	2167035
1762000000000	2167651
1763000000000	2168265
1764000000000	2168881
1765000000000	2169495
1766000000000	2170109
1767000000000	2170723
1768000000000	2171339
1769000000000	2171953
1770000000000	2172565
1771000000000	2173179
1772000000000	2173793
1773000000000	2174407
1774000000000	2175019
1775000000000	2175633
1776000000000	2176245
1777000000000	2176857
1778000000000	2177471
1779000000000	2178083
1780000000000	2178695
1781000000000	2179307
1782000000000	2179919
1783000000000	2180529
1784000000000	2181141
1785000000000	2181753
1786000000000	2182363
1787000000000	2182975
1788000000000	2183585
1789000000000	2184195
1790000000000	2184805
1791000000000	2185417
1792000000000	2186027
1793000000000	2186635
1794000000000	2187245
1795000000000	2187855
1796000000000	2188465
1797000000000	2189073
1798000000000	2189683
1799000000000	2190291
1800000000000	2190901
1801000000000	2191509
1802000000000	2192117
1803000000000	2192725
1804000000000	2193333
1805000000000	2193941
1806000000000	2194549
1807000000000	2195155
1808000000000	2195763
1809000000000	2196371
1810000000000	2196977
1811000000000	2197585
1812000000000	2198191
1813000000000	2198797
1814000000000	2199403
1815000000000	2200009
1816000000000	2200615
1817000000000	2201221
1818000000000	2201827
1819000000000	2202433
1820000000000	2203039
1821000000000	2203643
1822000000000	2204249
1823000000000	2204853
1824000000000	2205457
1825000000000	2206063
1826000000000	2206667
1827000000000	2207271
1828000000000	2207875
1829000000000	2208479
1830000000000	2209081
1831000000000	2209685
1832000000000	2210289
1833000000000	2210893
1834000000000	2211495
1835000000000	2212099
1836000000000	2212701
1837000000000	2213303
1838000000000	2213905
1839000000000	2214507
1840000000000	2215109
1841000000000	2215711
1842000000000	2216313
1843000000000	2216915
1844000000000	2217517
1845000000000	2218117
1846000000000	2218719
1847000000000	2219319
1848000000000	2219919
1849000000000	2220521
1850000000000	2221121
1851000000000	2221721
1852000000000	2222321
1853000000000	2222921
1854000000000	2223521
1855000000000	2224121
1856000000000	2224719
1857000000000	2225319
1858000000000	2225917
1859000000000	2226517
1860000000000	2227115
1861000000000	2227715
1862000000000	2228313
1863000000000	2228911
1864000000000	2229509
1865000000000	2230107
1866000000000	2230705
1867000000000	2231303
1868000000000	2231899
1869000000000	2232497
1870000000000	2233095
1871000000000	2233691
1872000000000	2234289
1873000000000	2234885
1874000000000	2235481
1875000000000	2236077
1876000000000	2236675
1877000000000	2237269
1878000000000	2237867
1879000000000	2238463
1880000000000	2239057
1881000000000	2239653
1882000000000	2240249
1883000000000	2240843
1884000000000	2241439
1885000000000	2242033
1886000000000	2242627
1887000000000	2243221
1888000000000	2243815
1889000000000	2244411
1890000000000	2245005
1891000000000	2245597
1892000000000	2246191
1893000000000	2246785
1894000000000	2247379
1895000000000	2247973
1896000000000	2248565
1897000000000	2249159
1898000000000	2249751
1899000000000	2250343
1900000000000	2250935
1901000000000	2251527
1902000000000	2252119
1903000000000	2252713
1904000000000	2253303
1905000000000	2253895
1906000000000	2254487
1907000000000	2255079
1908000000000	2255669
1909000000000	2256261
1910000000000	2256851
1911000000000	2257441
1912000000000	2258033
1913000000000	2258623
1914000000000	2259213
1915000000000	2259803
1916000000000	2260393
1917000000000	2260983
1918000000000	2261573
1919000000000	2262163
1920000000000	2262751
1921000000000	2263341
1922000000000	2263929
1923000000000	2264519
1924000000000	2265107
1925000000000	2265697
1926000000000	2266285
1927000000000	2266873
1928000000000	2267461
1929000000000	2268049
1930000000000	2268637
1931000000000	2269225
1932000000000	2269811
1933000000000	2270399
1934000000000	2270987
1935000000000	2271573
1936000000000	2272161
1937000000000	2272747
1938000000000	2273333
1939000000000	2273921
1940000000000	2274507
1941000000000	2275093
1942000000000	2275679
1943000000000	2276265
1944000000000	2276851
1945000000000	2277435
1946000000000	2278021
1947000000000	2278607
1948000000000	2279191
1949000000000	2279777
1950000000000	2280361
1951000000000	2280945
1952000000000	2281531
1953000000000	2282115
1954000000000	2282699
1955000000000	2283283
1956000000000	2283867
1957000000000	2284451
1958000000000	2285033
1959000000000	2285617
1960000000000	2286201
1961000000000	2286783
1962000000000	2287367
1963000000000	2287949
1964000000000	2288533
1965000000000	2289115
1966000000000	2289697
1967000000000	2290279
1968000000000	2290861
1969000000000	2291443
1970000000000	2292025
1971000000000	2292607
1972000000000	2293189
1973000000000	2293769
1974000000000	2294351
1975000000000	2294933
1976000000000	2295513
1977000000000	2296093
1978000000000	2296675
1979000000000	2297255
1980000000000	2297835
1981000000000	2298415
1982000000000	2298995
1983000000000	2299575
1984000000000	2300155
1985000000000	2300735
1986000000000	2301313
1987000000000	2301893
1988000000000	2302473
1989000000000	2303051
1990000000000	2303631
1991000000000	2304209
1992000000000	2304787
1993000000000	2305367
1994000000000	2305945
1995000000000	2306523
1996000000000	2307101
1997000000000	2307679
1998000000000	2308255
1999000000000	2308833
2000000000000	2309411
