0	1
1000000000	53854
2000000000	90330
3000000000	107566
4000000000	122115
5000000000	140161
6000000000	152145
7000000000	161795
8000000000	170121
9000000000	177541
10000000000	184297
11000000000	190543
12000000000	196375
13000000000	201871
14000000000	207079
15000000000	217284
16000000000	228504
17000000000	237776
18000000000	245838
19000000000	253068
20000000000	260548
21000000000	267508
22000000000	273928
23000000000	279906
24000000000	285520
25000000000	290832
26000000000	295882
27000000000	300708
28000000000	305338
29000000000	309792
30000000000	314134
31000000000	318368
32000000000	322466
33000000000	326442
34000000000	330306
35000000000	334066
36000000000	337730
37000000000	341306
38000000000	344800
39000000000	348216
40000000000	351560
41000000000	354838
42000000000	358050
43000000000	361204
44000000000	364300
45000000000	367342
46000000000	370332
47000000000	373274
48000000000	376170
49000000000	379022
50000000000	381830
51000000000	384598
52000000000	387328
53000000000	390022
54000000000	392678
55000000000	395300
56000000000	415305
57000000000	428617
58000000000	438911
59000000000	447615
60000000000	455297
61000000000	462247
62000000000	468647
63000000000	474703
64000000000	480521
65000000000	487978
66000000000	504210
67000000000	515638
68000000000	524994
69000000000	533114
70000000000	540386
71000000000	547028
72000000000	553184
73000000000	558944
74000000000	564378
75000000000	569534
76000000000	574452
77000000000	579162
78000000000	583690
79000000000	588050
80000000000	592266
81000000000	596348
82000000000	600308
83000000000	604158
84000000000	607906
85000000000	611558
86000000000	615122
87000000000	618606
88000000000	622012
89000000000	625346
90000000000	628616
91000000000	631822
92000000000	634966
93000000000	638054
94000000000	646173
95000000000	654533
96000000000	661981
97000000000	668749
98000000000	675007
99000000000	680853
100000000000	686357
101000000000	691573
102000000000	696547
103000000000	701301
104000000000	705869
105000000000	710267
106000000000	714517
107000000000	718627
108000000000	722613
109000000000	726489
110000000000	730259
111000000000	733933
112000000000	737517
113000000000	741019
114000000000	744443
115000000000	747789
116000000000	751035
117000000000	754221
118000000000	757345
119000000000	760415
120000000000	763435
121000000000	766401
122000000000	769323
123000000000	772197
124000000000	775029
125000000000	777819
126000000000	780569
127000000000	783283
128000000000	785957
129000000000	788597
130000000000	791205
131000000000	793781
132000000000	796323
133000000000	798837
134000000000	801319
135000000000	803775
136000000000	806205
137000000000	808607
138000000000	810983
139000000000	813337
140000000000	815665
141000000000	817971
142000000000	820253
143000000000	822513
144000000000	824753
145000000000	826971
146000000000	829169
147000000000	831349
148000000000	833509
149000000000	835649
150000000000	837773
151000000000	839879
152000000000	841967
153000000000	844039
154000000000	846095
155000000000	848133
156000000000	850157
157000000000	852165
158000000000	854159
159000000000	856137
160000000000	858101
161000000000	860053
162000000000	861989
163000000000	863913
164000000000	865823
165000000000	867721
166000000000	869605
167000000000	871477
168000000000	873339
169000000000	875187
170000000000	877021
171000000000	878847
172000000000	880661
173000000000	882465
174000000000	884257
175000000000	886037
176000000000	887809
177000000000	889569
178000000000	891319
179000000000	893061
180000000000	894791
181000000000	896513
182000000000	898225
183000000000	899927
184000000000	901621
185000000000	903305
186000000000	904981
187000000000	906647
188000000000	908305
189000000000	909955
190000000000	911597
191000000000	913229
192000000000	914855
193000000000	916471
194000000000	918081
195000000000	919683
196000000000	921277
197000000000	922863
198000000000	924443
199000000000	926015
200000000000	927579
201000000000	929137
202000000000	930687
203000000000	932231
204000000000	933769
205000000000	935299
206000000000	936821
207000000000	938339
208000000000	939849
209000000000	941353
210000000000	942851
211000000000	944341
212000000000	945827
213000000000	947307
214000000000	948781
215000000000	950247
216000000000	951709
217000000000	953165
218000000000	954615
219000000000	956059
220000000000	957497
221000000000	958931
222000000000	960359
223000000000	961781
224000000000	963197
225000000000	964609
226000000000	966015
227000000000	967417
228000000000	968813
229000000000	970205
230000000000	971591
231000000000	972971
232000000000	974347
233000000000	975719
234000000000	977085
235000000000	978447
236000000000	979805
237000000000	981157
238000000000	982505
239000000000	983849
240000000000	985189
241000000000	986523
242000000000	987853
243000000000	989179
244000000000	990499
245000000000	991817
246000000000	993129
247000000000	994437
248000000000	995743
249000000000	997043
250000000000	998339
251000000000	999631
252000000000	1000919
253000000000	1002205
254000000000	1003485
255000000000	1004761
256000000000	1006033
257000000000	1007301
258000000000	1008567
259000000000	1009829
260000000000	1011085
261000000000	1012339
262000000000	1013589
263000000000	1014835
264000000000	1016079
265000000000	1017317
266000000000	1018553
267000000000	1019785
268000000000	1021013
269000000000	1022239
270000000000	1023461
271000000000	1024679
272000000000	1025895
273000000000	1027107
274000000000	1028315
275000000000	1029521
276000000000	1030723
277000000000	1031921
278000000000	1033117
279000000000	1034309
280000000000	1035499
281000000000	1036685
282000000000	1037867
283000000000	1039047
284000000000	1040225
285000000000	1041397
286000000000	1042569
287000000000	1043737
288000000000	1044901
289000000000	1046063
290000000000	1047221
291000000000	1048379
292000000000	1049531
293000000000	1050681
294000000000	1051829
295000000000	1052967
296000000000	1054101
297000000000	1055233
298000000000	1056361
299000000000	1057487
300000000000	1058611
301000000000	1059731
302000000000	1060849
303000000000	1061963
304000000000	1063077
305000000000	1064187
306000000000	1065293
307000000000	1066399
308000000000	1067501
309000000000	1068601
310000000000	1069699
311000000000	1070795
312000000000	1071887
313000000000	1072977
314000000000	1074065
315000000000	1075151
316000000000	1076233
317000000000	1079696
318000000000	1083296
319000000000	1086808
320000000000	1090248
321000000000	1093608
322000000000	1096904
323000000000	1100136
324000000000	1103304
325000000000	1106416
326000000000	1109472
327000000000	1112480
328000000000	1115432
329000000000	1118344
330000000000	1121208
331000000000	1124024
332000000000	1126808
333000000000	1129544
334000000000	1132248
335000000000	1134912
336000000000	1137544
337000000000	1140144
338000000000	1142706
339000000000	1145240
340000000000	1147744
341000000000	1150222
342000000000	1152672
343000000000	1155088
344000000000	1157484
345000000000	1159856
346000000000	1162200
347000000000	1164520
348000000000	1166816
349000000000	1169096
350000000000	1171352
351000000000	1173584
352000000000	1175794
353000000000	1177988
354000000000	1180160
355000000000	1182316
356000000000	1184450
357000000000	1186568
358000000000	1188672
359000000000	1190752
360000000000	1192822
361000000000	1194872
362000000000	1196904
363000000000	1198926
364000000000	1200928
365000000000	1202918
366000000000	1204894
367000000000	1206852
368000000000	1208800
369000000000	1210732
370000000000	1212650
371000000000	1214558
372000000000	1216450
373000000000	1218332
374000000000	1220200
375000000000	1222056
376000000000	1223904
377000000000	1225736
378000000000	1227558
379000000000	1229368
380000000000	1231168
381000000000	1232958
382000000000	1234736
383000000000	1236504
384000000000	1238260
385000000000	1240008
386000000000	1241744
387000000000	1243472
388000000000	1245192
389000000000	1246902
390000000000	1248600
391000000000	1250290
392000000000	1251974
393000000000	1253648
394000000000	1255312
395000000000	1256966
396000000000	1258614
397000000000	1260252
398000000000	1261882
399000000000	1263504
400000000000	1265120
401000000000	1266728
402000000000	1268328
403000000000	1269920
404000000000	1271504
405000000000	1273080
406000000000	1274650
407000000000	1276214
408000000000	1277768
409000000000	1279316
410000000000	1280858
411000000000	1282392
412000000000	1283920
413000000000	1285442
414000000000	1286960
415000000000	1288466
416000000000	1289968
417000000000	1291464
418000000000	1292954
419000000000	1294438
420000000000	1295914
421000000000	1297386
422000000000	1298852
423000000000	1300312
424000000000	1301766
425000000000	1303216
426000000000	1304656
427000000000	1306094
428000000000	1307524
429000000000	1308950
430000000000	1310368
431000000000	1311784
432000000000	1313194
433000000000	1314600
434000000000	1316000
435000000000	1317392
436000000000	1318784
437000000000	1320168
438000000000	1321546
439000000000	1323038
440000000000	1324546
441000000000	1326048
442000000000	1327538
443000000000	1329022
444000000000	1330502
445000000000	1331974
446000000000	1333438
447000000000	1334900
448000000000	1336356
449000000000	1337804
450000000000	1339246
451000000000	1340686
452000000000	1342118
453000000000	1343542
454000000000	1344966
455000000000	1346382
456000000000	1347790
457000000000	1349198
458000000000	1350598
459000000000	1351992
460000000000	1353382
461000000000	1354768
462000000000	1356150
463000000000	1357524
464000000000	1358894
465000000000	1360262
466000000000	1361622
467000000000	1362978
468000000000	1364330
469000000000	1365678
470000000000	1367020
471000000000	1368358
472000000000	1369692
473000000000	1371022
474000000000	1372346
475000000000	1373668
476000000000	1374982
477000000000	1376294
478000000000	1377604
479000000000	1378906
480000000000	1380206
481000000000	1381502
482000000000	1382794
483000000000	1384080
484000000000	1385366
485000000000	1386644
486000000000	1387920
487000000000	1389190
488000000000	1390460
489000000000	1391724
490000000000	1392984
491000000000	1394240
492000000000	1395494
493000000000	1396744
494000000000	1397990
495000000000	1399232
496000000000	1400470
497000000000	1401706
498000000000	1402936
499000000000	1404166
500000000000	1405390
501000000000	1406612
502000000000	1407830
503000000000	1409044
504000000000	1410254
505000000000	1411462
506000000000	1412668
507000000000	1413870
508000000000	1415068
509000000000	1416262
510000000000	1417454
511000000000	1418642
512000000000	1419828
513000000000	1421010
514000000000	1422190
515000000000	1423366
516000000000	1424540
517000000000	1425710
518000000000	1426878
519000000000	1428040
520000000000	1429202
521000000000	1430360
522000000000	1431518
523000000000	1432670
524000000000	1433820
525000000000	1434966
526000000000	1436110
527000000000	1437252
528000000000	1438390
529000000000	1439526
530000000000	1440660
531000000000	1441790
532000000000	1442918
533000000000	1444044
534000000000	1445166
535000000000	1446286
536000000000	1447404
537000000000	1448518
538000000000	1449630
539000000000	1450740
540000000000	1451846
541000000000	1452950
542000000000	1454054
543000000000	1455150
544000000000	1456248
545000000000	1457342
546000000000	1458436
547000000000	1459526
548000000000	1460614
549000000000	1461698
550000000000	1462780
551000000000	1463860
552000000000	1464938
553000000000	1466014
554000000000	1467086
555000000000	1468158
556000000000	1469226
557000000000	1470292
558000000000	1471356
559000000000	1472418
560000000000	1473478
561000000000	1474534
562000000000	1475590
563000000000	1476644
564000000000	1477694
565000000000	1478742
566000000000	1479790
567000000000	1480834
568000000000	1481876
569000000000	1482916
570000000000	1483954
571000000000	1484990
572000000000	1486022
573000000000	1487054
574000000000	1488086
575000000000	1489112
576000000000	1490138
577000000000	1491162
578000000000	1492184
579000000000	1493204
580000000000	1494222
581000000000	1495238
582000000000	1496252
583000000000	1497262
584000000000	1498274
585000000000	1499282
586000000000	1500288
587000000000	1501292
588000000000	1502294
589000000000	1503294
590000000000	1504294
591000000000	1505290
592000000000	1506286
593000000000	1507278
594000000000	1508270
595000000000	1509260
596000000000	1510246
597000000000	1511232
598000000000	1512216
599000000000	1513198
600000000000	1514180
601000000000	1515158
602000000000	1516134
603000000000	1517110
604000000000	1518084
605000000000	1519056
606000000000	1520026
607000000000	1520994
608000000000	1521962
609000000000	1522926
610000000000	1523890
611000000000	1524852
612000000000	1525812
613000000000	1526770
614000000000	1527726
615000000000	1528682
616000000000	1529636
617000000000	1530588
618000000000	1531538
619000000000	1532486
620000000000	1533434
621000000000	1534380
622000000000	1535324
623000000000	1536266
624000000000	1537206
625000000000	1538146
626000000000	1539084
627000000000	1540020
628000000000	1540956
629000000000	1541888
630000000000	1542820
631000000000	1543750
632000000000	1544678
633000000000	1545606
634000000000	1546532
635000000000	1547456
636000000000	1548378
637000000000	1549300
638000000000	1550220
639000000000	1551138
640000000000	1552054
641000000000	1552970
642000000000	1553884
643000000000	1554798
644000000000	1555708
645000000000	1556618
646000000000	1557526
647000000000	1558434
648000000000	1559340
649000000000	1560244
650000000000	1561146
651000000000	1562048
652000000000	1562948
653000000000	1563846
654000000000	1564744
655000000000	1565640
656000000000	1566534
657000000000	1567428
658000000000	1568320
659000000000	1569212
660000000000	1570100
661000000000	1570988
662000000000	1571876
663000000000	1572762
664000000000	1573646
665000000000	1574528
666000000000	1575410
667000000000	1576290
668000000000	1577170
669000000000	1578046
670000000000	1578924
671000000000	1579800
672000000000	1580674
673000000000	1581546
674000000000	1582418
675000000000	1583288
676000000000	1584158
677000000000	1585026
678000000000	1585892
679000000000	1586758
680000000000	1587622
681000000000	1588486
682000000000	1589346
683000000000	1590208
684000000000	1591068
685000000000	1591926
686000000000	1592782
687000000000	1593638
688000000000	1594494
689000000000	1595348
690000000000	1596198
691000000000	1597050
692000000000	1597902
693000000000	1598750
694000000000	1599598
695000000000	1600444
696000000000	1601290
697000000000	1602134
698000000000	1602978
699000000000	1603820
700000000000	1604662
701000000000	1605502
702000000000	1606340
703000000000	1607178
704000000000	1608014
705000000000	1608850
706000000000	1609686
707000000000	1610518
708000000000	1611350
709000000000	1612182
710000000000	1613012
711000000000	1613842
712000000000	1614670
713000000000	1615496
714000000000	1616324
715000000000	1617148
716000000000	1617972
717000000000	1618794
718000000000	1619616
719000000000	1620438
720000000000	1621256
721000000000	1622076
722000000000	1622894
723000000000	1623710
724000000000	1624526
725000000000	1625340
726000000000	1626154
727000000000	1626966
728000000000	1627778
729000000000	1628590
730000000000	1629398
731000000000	1630208
732000000000	1631014
733000000000	1631822
734000000000	1632628
735000000000	1633432
736000000000	1634236
737000000000	1635038
738000000000	1635842
739000000000	1636642
740000000000	1637442
741000000000	1638240
742000000000	1639038
743000000000	1639836
744000000000	1640632
745000000000	1641428
746000000000	1642222
747000000000	1643014
748000000000	1643808
749000000000	1644598
750000000000	1645390
751000000000	1646180
752000000000	1646968
753000000000	1647756
754000000000	1648542
755000000000	1649328
756000000000	1650114
757000000000	1650898
758000000000	1651682
759000000000	1652464
760000000000	1653246
761000000000	1654026
762000000000	1654806
763000000000	1655584
764000000000	1656362
765000000000	1657140
766000000000	1657916
767000000000	1658690
768000000000	1659464
769000000000	1660238
770000000000	1661012
771000000000	1661782
772000000000	1662554
773000000000	1663324
774000000000	1664094
775000000000	1664862
776000000000	1665630
777000000000	1666396
778000000000	1667162
779000000000	1667928
780000000000	1668692
781000000000	1669456
782000000000	1670218
783000000000	1670980
784000000000	1671740
785000000000	1672500
786000000000	1673260
787000000000	1674018
788000000000	1674776
789000000000	1675534
790000000000	1676290
791000000000	1677044
792000000000	1677798
793000000000	1678552
794000000000	1679306
795000000000	1680058
796000000000	1680808
797000000000	1681558
798000000000	1682310
799000000000	1683058
800000000000	1683806
801000000000	1684552
802000000000	1685300
803000000000	1686046
804000000000	1686790
805000000000	1687534
806000000000	1688278
807000000000	1689022
808000000000	1689764
809000000000	1690504
810000000000	1691244
811000000000	1691984
812000000000	1692724
813000000000	1693462
814000000000	1694198
815000000000	1694936
816000000000	1695672
817000000000	1696406
818000000000	1697142
819000000000	1697874
820000000000	1698608
821000000000	1699340
822000000000	1700072
823000000000	1700802
824000000000	1701532
825000000000	1702262
826000000000	1702990
827000000000	1703718
828000000000	1704446
829000000000	1705172
830000000000	1705898
831000000000	1706622
832000000000	1707346
833000000000	1708070
834000000000	1708792
835000000000	1709516
836000000000	1710238
837000000000	1710958
838000000000	1711678
839000000000	1712398
840000000000	1713116
841000000000	1713834
842000000000	1714550
843000000000	1715268
844000000000	1715984
845000000000	1716698
846000000000	1717414
847000000000	1718128
848000000000	1718840
849000000000	1719552
850000000000	1720264
851000000000	1720976
852000000000	1721686
853000000000	1722396
854000000000	1723106
855000000000	1723814
856000000000	1724522
857000000000	1725230
858000000000	1725936
859000000000	1726642
860000000000	1727346
861000000000	1728052
862000000000	1728756
863000000000	1729458
864000000000	1730160
865000000000	1730862
866000000000	1731564
867000000000	1732264
868000000000	1732966
869000000000	1733664
870000000000	1734364
871000000000	1735062
872000000000	1735758
873000000000	1736456
874000000000	1737152
875000000000	1737848
876000000000	1738542
877000000000	1739238
878000000000	1739930
879000000000	1740624
880000000000	1741316
881000000000	1742008
882000000000	1742700
883000000000	1743390
884000000000	1744080
885000000000	1744770
886000000000	1745458
887000000000	1746146
888000000000	1746834
889000000000	1747520
890000000000	1748206
891000000000	1748894
892000000000	1749578
893000000000	1750262
894000000000	1750946
895000000000	1751630
896000000000	1752312
897000000000	1752996
898000000000	1753676
899000000000	1754358
900000000000	1755038
901000000000	1755718
902000000000	1756398
903000000000	1757076
904000000000	1757754
905000000000	1758430
906000000000	1759108
907000000000	1759784
908000000000	1760460
909000000000	1761136
910000000000	1761810
911000000000	1762484
912000000000	1763158
913000000000	1763830
914000000000	1764502
915000000000	1765174
916000000000	1765846
917000000000	1766516
918000000000	1767186
919000000000	1767856
920000000000	1768524
921000000000	1769192
922000000000	1769862
923000000000	1770528
924000000000	1771194
925000000000	1771862
926000000000	1772526
927000000000	1773192
928000000000	1773856
929000000000	1774520
930000000000	1775184
931000000000	1775846
932000000000	1776510
933000000000	1777170
934000000000	1777832
935000000000	1778492
936000000000	1779152
937000000000	1779812
938000000000	1780472
939000000000	1781130
940000000000	1781788
941000000000	1782446
942000000000	1783102
943000000000	1783758
944000000000	1784414
945000000000	1785070
946000000000	1785726
947000000000	1786380
948000000000	1787034
949000000000	1787686
950000000000	1788340
951000000000	1788992
952000000000	1789644
953000000000	1790294
954000000000	1790946
955000000000	1791596
956000000000	1792246
957000000000	1792894
958000000000	1793544
959000000000	1794192
960000000000	1794838
961000000000	1795486
962000000000	1796134
963000000000	1796778
964000000000	1797424
965000000000	1798070
966000000000	1798714
967000000000	1799358
968000000000	1800002
969000000000	1800646
970000000000	1801288
971000000000	1801930
972000000000	1802572
973000000000	1803214
974000000000	1803854
975000000000	1804494
976000000000	1805134
977000000000	1805772
978000000000	1806412
979000000000	1807050
980000000000	1807688
981000000000	1808324
982000000000	1808962
983000000000	1809598
984000000000	1810234
985000000000	1810870
986000000000	1811504
987000000000	1812138
988000000000	1812772
989000000000	1813406
990000000000	1814038
991000000000	1814670
992000000000	1815302
993000000000	1815934
994000000000	1816566
995000000000	1817196
996000000000	1817826
997000000000	1818456
998000000000	1819086
999000000000	1819714
1000000000000	1820342
1001000000000	1820970
1002000000000	1821598
1003000000000	1822224
1004000000000	1822850
1005000000000	1823476
1006000000000	1824102
1007000000000	1824728
1008000000000	1825352
1009000000000	1825976
1010000000000	1826600
1011000000000	1827222
1012000000000	1827846
1013000000000	1828468
1014000000000	1829090
1015000000000	1829712
1016000000000	1830332
1017000000000	1830952
1018000000000	1831574
1019000000000	1832192
1020000000000	1832812
1021000000000	1833430
1022000000000	1834048
1023000000000	1834666
1024000000000	1835284
1025000000000	1835902
1026000000000	1836518
1027000000000	1837134
1028000000000	1837750
1029000000000	1838366
1030000000000	1838980
1031000000000	1839594
1032000000000	1840208
1033000000000	1840822
1034000000000	1841434
1035000000000	1842048
1036000000000	1842660
1037000000000	1843272
1038000000000	1843882
1039000000000	1844494
1040000000000	1845104
1041000000000	1845714
1042000000000	1846324
1043000000000	1846934
1044000000000	1847542
1045000000000	1848150
1046000000000	1848758
1047000000000	1849366
1048000000000	1849974
1049000000000	1850580
1050000000000	1851186
1051000000000	1851792
1052000000000	1852398
1053000000000	1853002
1054000000000	1853608
1055000000000	1854212
1056000000000	1854816
1057000000000	1855420
1058000000000	1856022
1059000000000	1856624
1060000000000	1857228
1061000000000	1857830
1062000000000	1858430
1063000000000	1859032
1064000000000	1859632
1065000000000	1860232
1066000000000	1860832
1067000000000	1861432
1068000000000	1862030
1069000000000	1862630
1070000000000	1863226
1071000000000	1863824
1072000000000	1864422
1073000000000	1865020
1074000000000	1865616
1075000000000	1866212
1076000000000	1866808
1077000000000	1867404
1078000000000	1867998
1079000000000	1868592
1080000000000	1869188
1081000000000	1869782
1082000000000	1870374
1083000000000	1870968
1084000000000	1871560
1085000000000	1872152
1086000000000	1872744
1087000000000	1873336
1088000000000	1873926
1089000000000	1874518
1090000000000	1875108
1091000000000	1875698
1092000000000	1876288
1093000000000	1876876
1094000000000	1877466
1095000000000	1878054
1096000000000	1878642
1097000000000	1879230
1098000000000	1879816
1099000000000	1880404
1100000000000	1880990
1101000000000	1881576
1102000000000	1882162
1103000000000	1882748
1104000000000	1883332
1105000000000	1883918
1106000000000	1884502
1107000000000	1885086
1108000000000	1885670
1109000000000	1886252
1110000000000	1886836
1111000000000	1887418
1112000000000	1888000
1113000000000	1888582
1114000000000	1889162
1115000000000	1889744
1116000000000	1890324
1117000000000	1890904
1118000000000	1891484
1119000000000	1892064
1120000000000	1892644
1121000000000	1893222
1122000000000	1893800
1123000000000	1894378
1124000000000	1894956
1125000000000	1895534
1126000000000	1896110
1127000000000	1896686
1128000000000	1897264
1129000000000	1897840
1130000000000	1898414
1131000000000	1898990
1132000000000	1899564
1133000000000	1900140
1134000000000	1900714
1135000000000	1901288
1136000000000	1901860
1137000000000	1902434
1138000000000	1903006
1139000000000	1903578
1140000000000	1904150
1141000000000	1904722
1142000000000	1905294
1143000000000	1905864
1144000000000	1906436
1145000000000	1907006
1146000000000	1907576
1147000000000	1908146
1148000000000	1908714
1149000000000	1909284
1150000000000	1909852
1151000000000	1910420
1152000000000	1910988
1153000000000	1911556
1154000000000	1912122
1155000000000	1912690
1156000000000	1913256
1157000000000	1913822
1158000000000	1914388
1159000000000	1914954
1160000000000	1915518
1161000000000	1916084
1162000000000	1916648
1163000000000	1917212
1164000000000	1917776
1165000000000	1918340
1166000000000	1918902
1167000000000	1919466
1168000000000	1920028
1169000000000	1920590
1170000000000	1921152
1171000000000	1921714
1172000000000	1922276
1173000000000	1922836
1174000000000	1923396
1175000000000	1923956
1176000000000	1924516
1177000000000	1925076
1178000000000	1925636
1179000000000	1926194
1180000000000	1926752
1181000000000	1927310
1182000000000	1927868
1183000000000	1928426
1184000000000	1928984
1185000000000	1929540
1186000000000	1930098
1187000000000	1930654
1188000000000	1931210
1189000000000	1931776
1190000000000	1932356
1191000000000	1932936
1192000000000	1933516
1193000000000	1934096
1194000000000	1934674
1195000000000	1935252
1196000000000	1935830
1197000000000	1936408
1198000000000	1936986
1199000000000	1937564
1200000000000	1938140
1201000000000	1938716
1202000000000	1939292
1203000000000	1939868
1204000000000	1940444
1205000000000	1941018
1206000000000	1941594
1207000000000	1942168
1208000000000	1942742
1209000000000	1943316
1210000000000	1943888
1211000000000	1944462
1212000000000	1945034
1213000000000	1945606
1214000000000	1946178
1215000000000	1946750
1216000000000	1947322
1217000000000	1947892
1218000000000	1948464
1219000000000	1949034
1220000000000	1949604
1221000000000	1950174
1222000000000	1950742
1223000000000	1951312
1224000000000	1954593
1225000000000	1959361
1226000000000	1963957
1227000000000	1968377
1228000000000	1972641
1229000000000	1976769
1230000000000	1980769
1231000000000	1984651
1232000000000	1988435
1233000000000	1992109
1234000000000	1995705
1235000000000	1999225
1236000000000	2002651
1237000000000	2006017
1238000000000	2009309
1239000000000	2012537
1240000000000	2015705
1241000000000	2018817
1242000000000	2021877
1243000000000	2024879
1244000000000	2027833
1245000000000	2030741
1246000000000	2033601
1247000000000	2036419
1248000000000	2039197
1249000000000	2041941
1250000000000	2044639
1251000000000	2047305
1252000000000	2049939
1253000000000	2052537
1254000000000	2055097
1255000000000	2057633
1256000000000	2060141
1257000000000	2062617
1258000000000	2065065
1259000000000	2067481
1260000000000	2069881
1261000000000	2072249
1262000000000	2074593
1263000000000	2076921
1264000000000	2079217
1265000000000	2081495
1266000000000	2083745
1267000000000	2085977
1268000000000	2088193
1269000000000	2090389
1270000000000	2092561
1271000000000	2094713
1272000000000	2096853
1273000000000	2098969
1274000000000	2101073
1275000000000	2103155
1276000000000	2105221
1277000000000	2107273
1278000000000	2109305
1279000000000	2111323
1280000000000	2113331
1281000000000	2115321
1282000000000	2117295
1283000000000	2119257
1284000000000	2121201
1285000000000	2123129
1286000000000	2125049
1287000000000	2126959
1288000000000	2128855
1289000000000	2130735
1290000000000	2132601
1291000000000	2134457
1292000000000	2136305
1293000000000	2138137
1294000000000	2139961
1295000000000	2141769
1296000000000	2143571
1297000000000	2145359
1298000000000	2147137
1299000000000	2148905
1300000000000	2150663
1301000000000	2152409
1302000000000	2154147
1303000000000	2155875
1304000000000	2157593
1305000000000	2159305
1306000000000	2161005
1307000000000	2162695
1308000000000	2164377
1309000000000	2166049
1310000000000	2167713
1311000000000	2169369
1312000000000	2171017
1313000000000	2172657
1314000000000	2174289
1315000000000	2175911
1316000000000	2177527
1317000000000	2179131
1318000000000	2180729
1319000000000	2182321
1320000000000	2183907
1321000000000	2185489
1322000000000	2187057
1323000000000	2188625
1324000000000	2190185
1325000000000	2191733
1326000000000	2193279
1327000000000	2194817
1328000000000	2196345
1329000000000	2197873
1330000000000	2199387
1331000000000	2200899
1332000000000	2202405
1333000000000	2203903
1334000000000	2205393
1335000000000	2206881
1336000000000	2208361
1337000000000	2209835
1338000000000	2211303
1339000000000	2212763
1340000000000	2214223
1341000000000	2215671
1342000000000	2217115
1343000000000	2218555
1344000000000	2219987
1345000000000	2221417
1346000000000	2222839
1347000000000	2224257
1348000000000	2225671
1349000000000	2227077
1350000000000	2228479
1351000000000	2229873
1352000000000	2231267
1353000000000	2232655
1354000000000	2234033
1355000000000	2235409
1356000000000	2236785
1357000000000	2238153
1358000000000	2239513
1359000000000	2240873
1360000000000	2242225
1361000000000	2243571
1362000000000	2244915
1363000000000	2246257
1364000000000	2247591
1365000000000	2248921
1366000000000	2250249
1367000000000	2251569
1368000000000	2252883
1369000000000	2254197
1370000000000	2255505
1371000000000	2256813
1372000000000	2258113
1373000000000	2259409
1374000000000	2260703
1375000000000	2261993
1376000000000	2263277
1377000000000	2264557
1378000000000	2265833
1379000000000	2267105
1380000000000	2268375
1381000000000	2269641
1382000000000	2270901
1383000000000	2272161
1384000000000	2273415
1385000000000	2274665
1386000000000	2275913
1387000000000	2277155
1388000000000	2278393
1389000000000	2279631
1390000000000	2280863
1391000000000	2282093
1392000000000	2283317
1393000000000	2284539
1394000000000	2285759
1395000000000	2286973
1396000000000	2288185
1397000000000	2289393
1398000000000	2290601
1399000000000	2291801
1400000000000	2293003
1401000000000	2294197
1402000000000	2295391
1403000000000	2296579
1404000000000	2297767
1405000000000	2298949
1406000000000	2300129
1407000000000	2301305
1408000000000	2302481
1409000000000	2303653
1410000000000	2304819
1411000000000	2305985
1412000000000	2307149
1413000000000	2308305
1414000000000	2309463
1415000000000	2310617
1416000000000	2311767
1417000000000	2312913
1418000000000	2314061
1419000000000	2315203
1420000000000	2316341
1421000000000	2317479
1422000000000	2318611
1423000000000	2319743
1424000000000	2320873
1425000000000	2321999
1426000000000	2323121
1427000000000	2324241
1428000000000	2325361
1429000000000	2326475
1430000000000	2327589
1431000000000	2328697
1432000000000	2329807
1433000000000	2330911
1434000000000	2332015
1435000000000	2333113
1436000000000	2334211
1437000000000	2335307
1438000000000	2336401
1439000000000	2337489
1440000000000	2338577
1441000000000	2339665
1442000000000	2340747
1443000000000	2341827
1444000000000	2342905
1445000000000	2343983
1446000000000	2345055
1447000000000	2346129
1448000000000	2347195
1449000000000	2348263
1450000000000	2349329
1451000000000	2350389
1452000000000	2351449
1453000000000	2352507
1454000000000	2353563
1455000000000	2354617
1456000000000	2355667
1457000000000	2356719
1458000000000	2357765
1459000000000	2358809
1460000000000	2359855
1461000000000	2360893
1462000000000	2361933
1463000000000	2362969
1464000000000	2364003
1465000000000	2365037
1466000000000	2366065
1467000000000	2367093
1468000000000	2368121
1469000000000	2369145
1470000000000	2370167
1471000000000	2371187
1472000000000	2372207
1473000000000	2373223
1474000000000	2374237
1475000000000	2375249
1476000000000	2376259
1477000000000	2377267
1478000000000	2378275
1479000000000	2379281
1480000000000	2380281
1481000000000	2381283
1482000000000	2382283
1483000000000	2383281
1484000000000	2384273
1485000000000	2385267
1486000000000	2386259
1487000000000	2387249
1488000000000	2388239
1489000000000	2389225
1490000000000	2390209
1491000000000	2391191
1492000000000	2392175
1493000000000	2393153
1494000000000	2394129
1495000000000	2395105
1496000000000	2396081
1497000000000	2397051
1498000000000	2398023
1499000000000	2398993
1500000000000	2399959
1501000000000	2400925
1502000000000	2401889
1503000000000	2402851
1504000000000	2403811
1505000000000	2404771
1506000000000	2405727
1507000000000	2406683
1508000000000	2407637
1509000000000	2408591
1510000000000	2409541
1511000000000	2410489
1512000000000	2411437
1513000000000	2412383
1514000000000	2413329
1515000000000	2414271
1516000000000	2415213
1517000000000	2416151
1518000000000	2417089
1519000000000	2418027
1520000000000	2418961
1521000000000	2419895
1522000000000	2420827
1523000000000	2421757
1524000000000	2422687
1525000000000	2423615
1526000000000	2424539
1527000000000	2425465
1528000000000	2426387
1529000000000	2427311
1530000000000	2428231
1531000000000	2429149
1532000000000	2430065
1533000000000	2430983
1534000000000	2431897
1535000000000	2432809
1536000000000	2433721
1537000000000	2434633
1538000000000	2435539
1539000000000	2436447
1540000000000	2437355
1541000000000	2438257
1542000000000	2439161
1543000000000	2440063
1544000000000	2440965
1545000000000	2441863
1546000000000	2443372
1547000000000	2445996
1548000000000	2448582
1549000000000	2451140
1550000000000	2453660
1551000000000	2456156
1552000000000	2458620
1553000000000	2461060
1554000000000	2463468
1555000000000	2465852
1556000000000	2468212
1557000000000	2470548
1558000000000	2472868
1559000000000	2475154
1560000000000	2477420
1561000000000	2479668
1562000000000	2481900
1563000000000	2484100
1564000000000	2486284
1565000000000	2488452
1566000000000	2490604
1567000000000	2492732
1568000000000	2494844
1569000000000	2496940
1570000000000	2499014
1571000000000	2501076
1572000000000	2503116
1573000000000	2505148
1574000000000	2507164
1575000000000	2509164
1576000000000	2511148
1577000000000	2513116
1578000000000	2515068
1579000000000	2517004
1580000000000	2518936
1581000000000	2520852
1582000000000	2522756
1583000000000	2524644
1584000000000	2526516
1585000000000	2528382
1586000000000	2530236
1587000000000	2532076
1588000000000	2533902
1589000000000	2535724
1590000000000	2537530
1591000000000	2539324
1592000000000	2541108
1593000000000	2542884
1594000000000	2544652
1595000000000	2546404
1596000000000	2548148
1597000000000	2549882
1598000000000	2551604
1599000000000	2553324
1600000000000	2555026
1601000000000	2556724
1602000000000	2558412
1603000000000	2560090
1604000000000	2561758
1605000000000	2563420
1606000000000	2565070
1607000000000	2566716
1608000000000	2568356
1609000000000	2569988
1610000000000	2571614
1611000000000	2573230
1612000000000	2574844
1613000000000	2576444
1614000000000	2578038
1615000000000	2579626
1616000000000	2581204
1617000000000	2582780
1618000000000	2584344
1619000000000	2585900
1620000000000	2587452
1621000000000	2588996
1622000000000	2590532
1623000000000	2592068
1624000000000	2593588
1625000000000	2595108
1626000000000	2596618
1627000000000	2598122
1628000000000	2599620
1629000000000	2601114
1630000000000	2602596
1631000000000	2604076
1632000000000	2605550
1633000000000	2607020
1634000000000	2608484
1635000000000	2609938
1636000000000	2611388
1637000000000	2612836
1638000000000	2614274
1639000000000	2615708
1640000000000	2617132
1641000000000	2618556
1642000000000	2619972
1643000000000	2621386
1644000000000	2622792
1645000000000	2624196
1646000000000	2625592
1647000000000	2626980
1648000000000	2628370
1649000000000	2629750
1650000000000	2631128
1651000000000	2632500
1652000000000	2633868
1653000000000	2635228
1654000000000	2636586
1655000000000	2637940
1656000000000	2639288
1657000000000	2640632
1658000000000	2641972
1659000000000	2643306
1660000000000	2644636
1661000000000	2645960
1662000000000	2647284
1663000000000	2648602
1664000000000	2649916
1665000000000	2651222
1666000000000	2652526
1667000000000	2653828
1668000000000	2655124
1669000000000	2656420
1670000000000	2657706
1671000000000	2658988
1672000000000	2660270
1673000000000	2661548
1674000000000	2662820
1675000000000	2664092
1676000000000	2665356
1677000000000	2666618
1678000000000	2667876
1679000000000	2669126
1680000000000	2670378
1681000000000	2671624
1682000000000	2672868
1683000000000	2674108
1684000000000	2675344
1685000000000	2676578
1686000000000	2677804
1687000000000	2679032
1688000000000	2680254
1689000000000	2681474
1690000000000	2682690
1691000000000	2683900
1692000000000	2685108
1693000000000	2686314
1694000000000	2687516
1695000000000	2688716
1696000000000	2689910
1697000000000	2691104
1698000000000	2692292
1699000000000	2693478
1700000000000	2694660
1701000000000	2695844
1702000000000	2697020
1703000000000	2698194
1704000000000	2699364
1705000000000	2700532
1706000000000	2701700
1707000000000	2702860
1708000000000	2704020
1709000000000	2705176
1710000000000	2706330
1711000000000	2707480
1712000000000	2708628
1713000000000	2709772
1714000000000	2710916
1715000000000	2712054
1716000000000	2713188
1717000000000	2714324
1718000000000	2715458
1719000000000	2716582
1720000000000	2717708
1721000000000	2718834
1722000000000	2719954
1723000000000	2721072
1724000000000	2722188
1725000000000	2723300
1726000000000	2724412
1727000000000	2725516
1728000000000	2726624
1729000000000	2727724
1730000000000	2728826
1731000000000	2729924
1732000000000	2731018
1733000000000	2732110
1734000000000	2733202
1735000000000	2734290
1736000000000	2735374
1737000000000	2736458
1738000000000	2737540
1739000000000	2738618
1740000000000	2739692
1741000000000	2740766
1742000000000	2741836
1743000000000	2742908
1744000000000	2743972
1745000000000	2745036
1746000000000	2746100
1747000000000	2747160
1748000000000	2748218
1749000000000	2749272
1750000000000	2750324
1751000000000	2751376
1752000000000	2752426
1753000000000	2753474
1754000000000	2754516
1755000000000	2755558
1756000000000	2756602
1757000000000	2757638
1758000000000	2758676
1759000000000	2759710
1760000000000	2760740
1761000000000	2761772
1762000000000	2762800
1763000000000	2763828
1764000000000	2764852
1765000000000	2765872
1766000000000	2766892
1767000000000	2767908
1768000000000	2768928
1769000000000	2769940
1770000000000	2770954
1771000000000	2771964
1772000000000	2772972
1773000000000	2773980
1774000000000	2774982
1775000000000	2775986
1776000000000	2776988
1777000000000	2777988
1778000000000	2778982
1779000000000	2779978
1780000000000	2780972
1781000000000	2781962
1782000000000	2782952
1783000000000	2783940
1784000000000	2784928
1785000000000	2785912
1786000000000	2786892
1787000000000	2787876
1788000000000	2788854
1789000000000	2789830
1790000000000	2790806
1791000000000	2791780
1792000000000	2792754
1793000000000	2793724
1794000000000	2794692
1795000000000	2795660
1796000000000	2796624
1797000000000	2797588
1798000000000	2798550
1799000000000	2799512
1800000000000	2800470
1801000000000	2801428
1802000000000	2802382
1803000000000	2803336
1804000000000	2804290
1805000000000	2805240
1806000000000	2806188
1807000000000	2807136
1808000000000	2808082
1809000000000	2809028
1810000000000	2809968
1811000000000	2810910
1812000000000	2811848
1813000000000	2812788
1814000000000	2813724
1815000000000	2814660
1816000000000	2815590
1817000000000	2816524
1818000000000	2817454
1819000000000	2818382
1820000000000	2819310
1821000000000	2820236
1822000000000	2821160
1823000000000	2822084
1824000000000	2823006
1825000000000	2823926
1826000000000	2824844
1827000000000	2825764
1828000000000	2826676
1829000000000	2827590
1830000000000	2828506
1831000000000	2829416
1832000000000	2830326
1833000000000	2831236
1834000000000	2832142
1835000000000	2833048
1836000000000	2833954
1837000000000	2834854
1838000000000	2835756
1839000000000	2836658
1840000000000	2837556
1841000000000	2838454
1842000000000	2839350
1843000000000	2840246
1844000000000	2841140
1845000000000	2842032
1846000000000	2842924
1847000000000	2843812
1848000000000	2844700
1849000000000	2845588
1850000000000	2846472
1851000000000	2847358
1852000000000	2848240
1853000000000	2849124
1854000000000	2850004
1855000000000	2850884
1856000000000	2851762
1857000000000	2852638
1858000000000	2853512
1859000000000	2854388
1860000000000	2855260
1861000000000	2856132
1862000000000	2857004
1863000000000	2857872
1864000000000	2858740
1865000000000	2859608
1866000000000	2860474
1867000000000	2861338
1868000000000	2862202
1869000000000	2863064
1870000000000	2863924
1871000000000	2864784
1872000000000	2865642
1873000000000	2866500
1874000000000	2867356
1875000000000	2868212
1876000000000	2869064
1877000000000	2869918
1878000000000	2870770
1879000000000	2871620
1880000000000	2872468
1881000000000	2873316
1882000000000	2874164
1883000000000	2875012
1884000000000	2875854
1885000000000	2876700
1886000000000	2877540
1887000000000	2878380
1888000000000	2879220
1889000000000	2880060
1890000000000	2880900
1891000000000	2881734
1892000000000	2882570
1893000000000	2883404
1894000000000	2884238
1895000000000	2885072
1896000000000	2885902
1897000000000	2886732
1898000000000	2887564
1899000000000	2888390
1900000000000	2889220
1901000000000	2890044
1902000000000	2890870
1903000000000	2891694
1904000000000	2892516
1905000000000	2893340
1906000000000	2894160
1907000000000	2894980
1908000000000	2895800
1909000000000	2896616
1910000000000	2897436
1911000000000	2898250
1912000000000	2899066
1913000000000	2899878
1914000000000	2900692
1915000000000	2901504
1916000000000	2902314
1917000000000	2903124
1918000000000	2903932
1919000000000	2904740
1920000000000	2905548
1921000000000	2906354
1922000000000	2907158
1923000000000	2907964
1924000000000	2908766
1925000000000	2909568
1926000000000	2910370
1927000000000	2911170
1928000000000	2911968
1929000000000	2912766
1930000000000	2913564
1931000000000	2914360
1932000000000	2915156
1933000000000	2915948
1934000000000	2916742
1935000000000	2917536
1936000000000	2918328
1937000000000	2919116
1938000000000	2919908
1939000000000	2920696
1940000000000	2921484
1941000000000	2922272
1942000000000	2923058
1943000000000	2923844
1944000000000	2924628
1945000000000	2925412
1946000000000	2926194
1947000000000	2926976
1948000000000	2927756
1949000000000	2928536
1950000000000	2929316
1951000000000	2930092
1952000000000	2930870
1953000000000	2931646
1954000000000	2932420
1955000000000	2933196
1956000000000	2933970
1957000000000	2934744
1958000000000	2935516
1959000000000	2936286
1960000000000	2937058
1961000000000	2937828
1962000000000	2938596
1963000000000	2939364
1964000000000	2940130
1965000000000	2940896
1966000000000	2941660
1967000000000	2942426
1968000000000	2943188
1969000000000	2943952
1970000000000	2944712
1971000000000	2945476
1972000000000	2946236
1973000000000	2946994
1974000000000	2947752
1975000000000	2948510
1976000000000	2949268
1977000000000	2950022
1978000000000	2950780
1979000000000	2951532
1980000000000	2952288
1981000000000	2953040
1982000000000	2953794
1983000000000	2954544
1984000000000	2955296
1985000000000	2956044
1986000000000	2956794
1987000000000	2957540
1988000000000	2958290
1989000000000	2959036
1990000000000	2959780
1991000000000	2960526
1992000000000	2961272
1993000000000	2962016
1994000000000	2962756
1995000000000	2963500
1996000000000	2964242
1997000000000	2964982
1998000000000	2965722
1999000000000	2966460
2000000000000	2967200
