0	1
1000000000	43807
2000000000	61939
3000000000	75859
4000000000	87607
5000000000	97939
6000000000	107291
7000000000	115885
8000000000	123885
9000000000	131399
10000000000	138513
11000000000	145269
12000000000	151725
13000000000	157919
14000000000	163885
15000000000	169633
16000000000	175199
17000000000	180603
18000000000	185831
19000000000	190919
20000000000	195879
21000000000	200721
22000000000	205439
23000000000	210061
24000000000	214573
25000000000	219007
26000000000	223341
27000000000	227595
28000000000	231777
29000000000	235869
30000000000	239905
31000000000	243869
32000000000	247777
33000000000	251617
34000000000	255393
35000000000	259131
36000000000	262807
37000000000	266423
38000000000	270007
39000000000	273537
40000000000	277015
41000000000	280461
42000000000	283853
43000000000	287213
44000000000	290541
45000000000	293819
46000000000	297073
47000000000	300287
48000000000	303461
49000000000	306599
50000000000	309723
51000000000	312793
52000000000	315843
53000000000	318869
54000000000	321873
55000000000	324829
56000000000	327777
57000000000	330687
58000000000	333577
59000000000	336443
60000000000	339275
61000000000	342089
62000000000	344887
63000000000	347657
64000000000	350399
65000000000	353129
66000000000	355829
67000000000	358527
68000000000	361191
69000000000	363829
70000000000	366459
71000000000	369073
72000000000	371661
73000000000	374229
74000000000	376785
75000000000	379327
76000000000	381847
77000000000	384343
78000000000	386843
79000000000	389303
80000000000	391767
81000000000	394207
82000000000	396625
83000000000	399039
84000000000	401433
85000000000	403821
86000000000	406193
87000000000	408539
88000000000	410879
89000000000	413217
90000000000	415523
91000000000	417831
92000000000	420123
93000000000	422389
94000000000	424659
95000000000	426909
96000000000	429149
97000000000	431379
98000000000	433599
99000000000	435811
100000000000	438007
101000000000	440183
102000000000	442367
103000000000	444525
104000000000	446683
105000000000	448819
106000000000	450951
107000000000	453083
108000000000	455185
109000000000	457283
110000000000	459379
111000000000	461459
112000000000	463539
113000000000	465599
114000000000	467661
115000000000	469713
116000000000	471745
117000000000	473769
118000000000	475803
119000000000	477805
120000000000	479811
121000000000	481805
122000000000	483797
123000000000	485763
124000000000	487739
125000000000	489707
126000000000	491661
127000000000	493599
128000000000	495539
129000000000	497473
130000000000	499399
131000000000	501313
132000000000	503223
133000000000	505129
134000000000	507025
135000000000	508923
136000000000	510795
137000000000	512669
138000000000	514541
139000000000	516401
140000000000	518249
141000000000	520107
142000000000	521939
143000000000	523777
144000000000	525599
145000000000	527425
146000000000	529247
147000000000	531049
148000000000	532855
149000000000	534657
150000000000	536447
151000000000	538225
152000000000	540003
153000000000	541779
154000000000	543543
155000000000	545309
156000000000	547063
157000000000	548813
158000000000	550559
159000000000	552301
160000000000	554043
161000000000	555767
162000000000	557485
163000000000	559199
164000000000	560923
165000000000	562625
166000000000	564323
167000000000	566033
168000000000	567713
169000000000	569407
170000000000	571085
171000000000	572767
172000000000	574433
173000000000	576107
174000000000	577763
175000000000	579425
176000000000	581083
177000000000	582719
178000000000	584365
179000000000	586011
180000000000	587647
181000000000	589269
182000000000	590893
183000000000	592519
184000000000	594135
185000000000	595751
186000000000	597361
187000000000	598967
188000000000	600567
189000000000	602155
190000000000	603745
191000000000	605329
192000000000	606909
193000000000	608489
194000000000	610065
195000000000	611643
196000000000	613207
197000000000	614765
198000000000	616319
199000000000	617883
200000000000	619431
201000000000	620973
202000000000	622523
203000000000	624055
204000000000	625589
205000000000	627127
206000000000	628649
207000000000	630181
208000000000	631693
209000000000	633217
210000000000	634723
211000000000	636241
212000000000	637741
213000000000	639245
214000000000	640747
215000000000	642233
216000000000	643729
217000000000	645221
218000000000	646705
219000000000	648179
220000000000	649665
221000000000	651141
222000000000	652617
223000000000	654073
224000000000	655539
225000000000	657005
226000000000	658465
227000000000	659921
228000000000	661377
229000000000	662821
230000000000	664273
231000000000	665713
232000000000	667153
233000000000	668587
234000000000	670017
235000000000	671447
236000000000	672875
237000000000	674295
238000000000	675713
239000000000	677133
240000000000	678549
241000000000	679967
242000000000	681377
243000000000	682779
244000000000	684179
245000000000	685585
246000000000	686987
247000000000	688375
248000000000	689763
249000000000	691163
250000000000	692545
251000000000	693923
252000000000	695313
253000000000	696685
254000000000	698061
255000000000	699435
256000000000	700799
257000000000	702177
258000000000	703533
259000000000	704901
260000000000	706253
261000000000	707617
262000000000	708969
263000000000	710327
264000000000	711669
265000000000	713015
266000000000	714367
267000000000	715699
268000000000	717047
269000000000	718381
270000000000	719709
271000000000	721047
272000000000	722377
273000000000	723699
274000000000	725025
275000000000	726353
276000000000	727665
277000000000	728979
278000000000	730295
279000000000	731611
280000000000	732923
281000000000	734225
282000000000	735529
283000000000	736829
284000000000	738135
285000000000	739435
286000000000	740737
287000000000	742033
288000000000	743323
289000000000	744607
290000000000	745897
291000000000	747181
292000000000	748461
293000000000	749741
294000000000	751021
295000000000	752297
296000000000	753571
297000000000	754847
298000000000	756117
299000000000	757381
300000000000	758647
301000000000	759911
302000000000	761165
303000000000	762423
304000000000	763679
305000000000	764941
306000000000	766197
307000000000	767447
308000000000	768689
309000000000	769939
310000000000	771185
311000000000	772433
312000000000	773671
313000000000	774903
314000000000	776145
315000000000	777381
316000000000	778609
317000000000	779839
318000000000	781077
319000000000	782295
320000000000	783519
321000000000	784753
322000000000	785965
323000000000	787185
324000000000	788407
325000000000	789619
326000000000	790843
327000000000	792045
328000000000	793261
329000000000	794465
330000000000	795669
331000000000	796881
332000000000	798079
333000000000	799287
334000000000	800479
335000000000	801681
336000000000	802869
337000000000	804071
338000000000	805261
339000000000	806449
340000000000	807643
341000000000	808819
342000000000	810017
343000000000	811189
344000000000	812375
345000000000	813563
346000000000	814729
347000000000	815911
348000000000	817087
349000000000	818253
350000000000	819431
351000000000	820603
352000000000	821763
353000000000	822935
354000000000	824101
355000000000	825261
356000000000	826419
357000000000	827579
358000000000	828747
359000000000	829901
360000000000	831049
361000000000	832205
362000000000	833361
363000000000	834513
364000000000	835661
365000000000	836799
366000000000	837949
367000000000	839095
368000000000	840235
369000000000	841381
370000000000	842523
371000000000	843657
372000000000	844789
373000000000	845919
374000000000	847053
375000000000	848189
376000000000	849319
377000000000	850445
378000000000	851575
379000000000	852699
380000000000	853825
381000000000	854951
382000000000	856071
383000000000	857191
384000000000	858311
385000000000	859425
386000000000	860539
387000000000	861655
388000000000	862765
389000000000	863873
390000000000	864983
391000000000	866089
392000000000	867199
393000000000	868305
394000000000	869417
395000000000	870523
396000000000	871617
397000000000	872715
398000000000	873815
399000000000	874909
400000000000	876003
401000000000	877101
402000000000	878203
403000000000	879287
404000000000	880375
405000000000	881459
406000000000	882549
407000000000	883643
408000000000	884727
409000000000	885805
410000000000	886883
411000000000	887977
412000000000	889051
413000000000	890125
414000000000	891199
415000000000	892287
416000000000	893355
417000000000	894423
418000000000	895501
419000000000	896577
420000000000	897639
421000000000	898705
422000000000	899777
423000000000	900839
424000000000	901905
425000000000	902971
426000000000	904023
427000000000	905091
428000000000	906151
429000000000	907203
430000000000	908267
431000000000	909313
432000000000	910377
433000000000	911425
434000000000	912473
435000000000	913531
436000000000	914573
437000000000	915633
438000000000	916669
439000000000	917723
440000000000	918765
441000000000	919811
442000000000	920845
443000000000	921897
444000000000	922929
445000000000	923971
446000000000	925005
447000000000	926047
448000000000	927073
449000000000	928117
450000000000	929139
451000000000	930181
452000000000	931203
453000000000	932241
454000000000	933265
455000000000	934289
456000000000	935323
457000000000	936339
458000000000	937371
459000000000	938389
460000000000	939409
461000000000	940437
462000000000	941449
463000000000	942471
464000000000	943491
465000000000	944499
466000000000	945521
467000000000	946537
468000000000	947539
469000000000	948561
470000000000	949571
471000000000	950573
472000000000	951591
473000000000	952603
474000000000	953599
475000000000	954605
476000000000	955617
477000000000	956617
478000000000	957609
479000000000	958615
480000000000	959621
481000000000	960617
482000000000	961609
483000000000	962609
484000000000	963611
485000000000	964607
486000000000	965589
487000000000	966583
488000000000	967579
489000000000	968577
490000000000	969567
491000000000	970549
492000000000	971533
493000000000	972525
494000000000	973511
495000000000	974497
496000000000	975483
497000000000	976461
498000000000	977439
499000000000	978419
500000000000	979405
501000000000	980385
502000000000	981367
503000000000	982341
504000000000	983323
505000000000	984291
506000000000	985265
507000000000	986233
508000000000	987203
509000000000	988179
510000000000	989149
511000000000	990119
512000000000	991085
513000000000	992055
514000000000	993019
515000000000	993991
516000000000	994951
517000000000	995915
518000000000	996881
519000000000	997847
520000000000	998807
521000000000	999767
522000000000	1000727
523000000000	1001681
524000000000	1002635
525000000000	1003591
526000000000	1004551
527000000000	1005499
528000000000	1006455
529000000000	1007405
530000000000	1008353
531000000000	1009309
532000000000	1010259
533000000000	1011203
534000000000	1012153
535000000000	1013105
536000000000	1014057
537000000000	1015003
538000000000	1015947
539000000000	1016887
540000000000	1017831
541000000000	1018765
542000000000	1019709
543000000000	1020649
544000000000	1021589
545000000000	1022531
546000000000	1023473
547000000000	1024407
548000000000	1025335
549000000000	1026269
550000000000	1027203
551000000000	1028141
552000000000	1029083
553000000000	1030007
554000000000	1030935
555000000000	1031863
556000000000	1032793
557000000000	1033727
558000000000	1034657
559000000000	1035575
560000000000	1036499
561000000000	1037429
562000000000	1038363
563000000000	1039281
564000000000	1040199
565000000000	1041119
566000000000	1042047
567000000000	1042967
568000000000	1043879
569000000000	1044799
570000000000	1045723
571000000000	1046635
572000000000	1047549
573000000000	1048465
574000000000	1049387
575000000000	1050295
576000000000	1051203
577000000000	1052123
578000000000	1053031
579000000000	1053939
580000000000	1054857
581000000000	1055767
582000000000	1056663
583000000000	1057577
584000000000	1058487
585000000000	1059383
586000000000	1060297
587000000000	1061201
588000000000	1062099
589000000000	1063007
590000000000	1063905
591000000000	1064803
592000000000	1065713
593000000000	1066605
594000000000	1067505
595000000000	1068407
596000000000	1069299
597000000000	1070203
598000000000	1071095
599000000000	1071989
600000000000	1072887
601000000000	1073773
602000000000	1074677
603000000000	1075565
604000000000	1076457
605000000000	1077345
606000000000	1078229
607000000000	1079127
608000000000	1080009
609000000000	1080907
610000000000	1081783
611000000000	1082683
612000000000	1083559
613000000000	1084447
614000000000	1085325
615000000000	1086217
616000000000	1087095
617000000000	1087981
618000000000	1088855
619000000000	1089741
620000000000	1090615
621000000000	1091501
622000000000	1092375
623000000000	1093257
624000000000	1094129
625000000000	1095011
626000000000	1095885
627000000000	1096763
628000000000	1097629
629000000000	1098513
630000000000	1099373
631000000000	1100257
632000000000	1101119
633000000000	1101995
634000000000	1102865
635000000000	1103735
636000000000	1104607
637000000000	1105469
638000000000	1106341
639000000000	1107199
640000000000	1108071
641000000000	1108937
642000000000	1109799
643000000000	1110673
644000000000	1111523
645000000000	1112391
646000000000	1113257
647000000000	1114109
648000000000	1114977
649000000000	1115829
650000000000	1116695
651000000000	1117557
652000000000	1118409
653000000000	1119271
654000000000	1120127
655000000000	1120979
656000000000	1121835
657000000000	1122697
658000000000	1123539
659000000000	1124401
660000000000	1125257
661000000000	1126099
662000000000	1126955
663000000000	1127807
664000000000	1128649
665000000000	1129505
666000000000	1130363
667000000000	1131199
668000000000	1132049
669000000000	1132901
670000000000	1133745
671000000000	1134583
672000000000	1135435
673000000000	1136283
674000000000	1137119
675000000000	1137965
676000000000	1138811
677000000000	1139657
678000000000	1140489
679000000000	1141329
680000000000	1142177
681000000000	1143017
682000000000	1143849
683000000000	1144685
684000000000	1145531
685000000000	1146367
686000000000	1147199
687000000000	1148033
688000000000	1148871
689000000000	1149713
690000000000	1150541
691000000000	1151369
692000000000	1152205
693000000000	1153041
694000000000	1153877
695000000000	1154701
696000000000	1155529
697000000000	1156359
698000000000	1157191
699000000000	1158021
700000000000	1158851
701000000000	1159669
702000000000	1160499
703000000000	1161325
704000000000	1162155
705000000000	1162981
706000000000	1163807
707000000000	1164625
708000000000	1165449
709000000000	1166269
710000000000	1167095
711000000000	1167921
712000000000	1168741
713000000000	1169563
714000000000	1170381
715000000000	1171193
716000000000	1172013
717000000000	1172829
718000000000	1173649
719000000000	1174471
720000000000	1175287
721000000000	1176107
722000000000	1176923
723000000000	1177737
724000000000	1178545
725000000000	1179359
726000000000	1180169
727000000000	1180979
728000000000	1181793
729000000000	1182605
730000000000	1183415
731000000000	1184231
732000000000	1185041
733000000000	1185851
734000000000	1186661
735000000000	1187473
736000000000	1188277
737000000000	1189083
738000000000	1189887
739000000000	1190697
740000000000	1191501
741000000000	1192301
742000000000	1193105
743000000000	1193909
744000000000	1194709
745000000000	1195509
746000000000	1196313
747000000000	1197119
748000000000	1197919
749000000000	1198719
750000000000	1199519
751000000000	1200319
752000000000	1201119
753000000000	1201913
754000000000	1202709
755000000000	1203509
756000000000	1204309
757000000000	1205105
758000000000	1205901
759000000000	1206701
760000000000	1207497
761000000000	1208287
762000000000	1209083
763000000000	1209877
764000000000	1210673
765000000000	1211461
766000000000	1212251
767000000000	1213041
768000000000	1213831
769000000000	1214619
770000000000	1215405
771000000000	1216193
772000000000	1216983
773000000000	1217769
774000000000	1218559
775000000000	1219345
776000000000	1220137
777000000000	1220927
778000000000	1221713
779000000000	1222497
780000000000	1223275
781000000000	1224059
782000000000	1224845
783000000000	1225623
784000000000	1226403
785000000000	1227189
786000000000	1227977
787000000000	1228757
788000000000	1229537
789000000000	1230315
790000000000	1231089
791000000000	1231869
792000000000	1232649
793000000000	1233425
794000000000	1234207
795000000000	1234987
796000000000	1235761
797000000000	1236535
798000000000	1237309
799000000000	1238079
800000000000	1238861
801000000000	1239643
802000000000	1240411
803000000000	1241179
804000000000	1241949
805000000000	1242719
806000000000	1243501
807000000000	1244273
808000000000	1245041
809000000000	1245805
810000000000	1246573
811000000000	1247345
812000000000	1248123
813000000000	1248887
814000000000	1249655
815000000000	1250419
816000000000	1251185
817000000000	1251963
818000000000	1252721
819000000000	1253485
820000000000	1254249
821000000000	1255017
822000000000	1255781
823000000000	1256539
824000000000	1257299
825000000000	1258065
826000000000	1258837
827000000000	1259591
828000000000	1260349
829000000000	1261109
830000000000	1261883
831000000000	1262635
832000000000	1263389
833000000000	1264149
834000000000	1264917
835000000000	1265671
836000000000	1266423
837000000000	1267185
838000000000	1267947
839000000000	1268695
840000000000	1269449
841000000000	1270211
842000000000	1270967
843000000000	1271713
844000000000	1272469
845000000000	1273233
846000000000	1273975
847000000000	1274729
848000000000	1275487
849000000000	1276235
850000000000	1276983
851000000000	1277741
852000000000	1278491
853000000000	1279233
854000000000	1279985
855000000000	1280741
856000000000	1281485
857000000000	1282229
858000000000	1282987
859000000000	1283729
860000000000	1284473
861000000000	1285233
862000000000	1285969
863000000000	1286709
864000000000	1287467
865000000000	1288205
866000000000	1288949
867000000000	1289697
868000000000	1290433
869000000000	1291181
870000000000	1291927
871000000000	1292659
872000000000	1293411
873000000000	1294151
874000000000	1294889
875000000000	1295637
876000000000	1296369
877000000000	1297109
878000000000	1297857
879000000000	1298583
880000000000	1299331
881000000000	1300065
882000000000	1300799
883000000000	1301547
884000000000	1302273
885000000000	1303017
886000000000	1303751
887000000000	1304479
888000000000	1305227
889000000000	1305949
890000000000	1306691
891000000000	1307425
892000000000	1308153
893000000000	1308891
894000000000	1309619
895000000000	1310363
896000000000	1311085
897000000000	1311821
898000000000	1312551
899000000000	1313273
900000000000	1314011
901000000000	1314733
902000000000	1315473
903000000000	1316193
904000000000	1316927
905000000000	1317655
906000000000	1318381
907000000000	1319111
908000000000	1319833
909000000000	1320567
910000000000	1321283
911000000000	1322017
912000000000	1322739
913000000000	1323473
914000000000	1324189
915000000000	1324923
916000000000	1325633
917000000000	1326367
918000000000	1327085
919000000000	1327811
920000000000	1328525
921000000000	1329257
922000000000	1329969
923000000000	1330697
924000000000	1331415
925000000000	1332137
926000000000	1332855
927000000000	1333577
928000000000	1334295
929000000000	1335017
930000000000	1335729
931000000000	1336451
932000000000	1337165
933000000000	1337887
934000000000	1338599
935000000000	1339323
936000000000	1340029
937000000000	1340753
938000000000	1341459
939000000000	1342181
940000000000	1342889
941000000000	1343607
942000000000	1344319
943000000000	1345035
944000000000	1345745
945000000000	1346455
946000000000	1347177
947000000000	1347885
948000000000	1348603
949000000000	1349299
950000000000	1350017
951000000000	1350723
952000000000	1351441
953000000000	1352145
954000000000	1352855
955000000000	1353567
956000000000	1354269
957000000000	1354987
958000000000	1355683
959000000000	1356395
960000000000	1357105
961000000000	1357809
962000000000	1358523
963000000000	1359219
964000000000	1359931
965000000000	1360629
966000000000	1361335
967000000000	1362047
968000000000	1362739
969000000000	1363451
970000000000	1364149
971000000000	1364855
972000000000	1365563
973000000000	1366259
974000000000	1366967
975000000000	1367665
976000000000	1368365
977000000000	1369073
978000000000	1369763
979000000000	1370471
980000000000	1371171
981000000000	1371863
982000000000	1372567
983000000000	1373265
984000000000	1373959
985000000000	1374667
986000000000	1375353
987000000000	1376055
988000000000	1376757
989000000000	1377443
990000000000	1378145
991000000000	1378847
992000000000	1379533
993000000000	1380231
994000000000	1380927
995000000000	1381619
996000000000	1382315
997000000000	1383011
998000000000	1383699
999000000000	1384395
1000000000000	1385091
1001000000000	1385779
1002000000000	1386471
1003000000000	1387167
1004000000000	1387849
1005000000000	1388545
1006000000000	1389243
1007000000000	1389923
1008000000000	1390615
1009000000000	1391313
1010000000000	1391989
1011000000000	1392685
1012000000000	1393377
1013000000000	1394061
1014000000000	1394749
1015000000000	1395441
1016000000000	1396127
1017000000000	1396809
1018000000000	1397495
1019000000000	1398193
1020000000000	1398869
1021000000000	1399549
1022000000000	1400247
1023000000000	1400927
1024000000000	1401609
1025000000000	1402295
1026000000000	1402981
1027000000000	1403661
1028000000000	1404339
1029000000000	1405031
1030000000000	1405717
1031000000000	1406389
1032000000000	1407069
1033000000000	1407755
1034000000000	1408443
1035000000000	1409113
1036000000000	1409793
1037000000000	1410481
1038000000000	1411163
1039000000000	1411833
1040000000000	1412513
1041000000000	1413201
1042000000000	1413883
1043000000000	1414549
1044000000000	1415229
1045000000000	1415911
1046000000000	1416593
1047000000000	1417265
1048000000000	1417939
1049000000000	1418615
1050000000000	1419297
1051000000000	1419971
1052000000000	1420639
1053000000000	1421313
1054000000000	1421995
1055000000000	1422673
1056000000000	1423341
1057000000000	1424009
1058000000000	1424685
1059000000000	1425367
1060000000000	1426043
1061000000000	1426705
1062000000000	1427379
1063000000000	1428049
1064000000000	1428727
1065000000000	1429403
1066000000000	1430065
1067000000000	1430729
1068000000000	1431405
1069000000000	1432075
1070000000000	1432753
1071000000000	1433417
1072000000000	1434079
1073000000000	1434749
1074000000000	1435419
1075000000000	1436091
1076000000000	1436763
1077000000000	1437425
1078000000000	1438089
1079000000000	1438753
1080000000000	1439425
1081000000000	1440097
1082000000000	1440763
1083000000000	1441421
1084000000000	1442083
1085000000000	1442749
1086000000000	1443415
1087000000000	1444087
1088000000000	1444753
1089000000000	1445417
1090000000000	1446069
1091000000000	1446733
1092000000000	1447399
1093000000000	1448059
1094000000000	1448727
1095000000000	1449393
1096000000000	1450051
1097000000000	1450709
1098000000000	1451369
1099000000000	1452029
1100000000000	1452689
1101000000000	1453351
1102000000000	1454017
1103000000000	1454677
1104000000000	1455337
1105000000000	1455989
1106000000000	1456643
1107000000000	1457303
1108000000000	1457965
1109000000000	1458619
1110000000000	1459287
1111000000000	1459941
1112000000000	1460603
1113000000000	1461257
1114000000000	1461905
1115000000000	1462559
1116000000000	1463213
1117000000000	1463869
1118000000000	1464525
1119000000000	1465185
1120000000000	1465841
1121000000000	1466497
1122000000000	1467153
1123000000000	1467807
1124000000000	1468457
1125000000000	1469105
1126000000000	1469759
1127000000000	1470409
1128000000000	1471059
1129000000000	1471713
1130000000000	1472365
1131000000000	1473015
1132000000000	1473671
1133000000000	1474327
1134000000000	1474977
1135000000000	1475627
1136000000000	1476277
1137000000000	1476927
1138000000000	1477577
1139000000000	1478221
1140000000000	1478865
1141000000000	1479513
1142000000000	1480159
1143000000000	1480809
1144000000000	1481459
1145000000000	1482103
1146000000000	1482749
1147000000000	1483399
1148000000000	1484045
1149000000000	1484695
1150000000000	1485339
1151000000000	1485991
1152000000000	1486631
1153000000000	1487281
1154000000000	1487927
1155000000000	1488567
1156000000000	1489217
1157000000000	1489857
1158000000000	1490501
1159000000000	1491147
1160000000000	1491793
1161000000000	1492433
1162000000000	1493077
1163000000000	1493717
1164000000000	1494363
1165000000000	1495003
1166000000000	1495643
1167000000000	1496283
1168000000000	1496923
1169000000000	1497567
1170000000000	1498207
1171000000000	1498847
1172000000000	1499487
1173000000000	1500127
1174000000000	1500763
1175000000000	1501403
1176000000000	1502043
1177000000000	1502683
1178000000000	1503323
1179000000000	1503957
1180000000000	1504593
1181000000000	1505233
1182000000000	1505873
1183000000000	1506507
1184000000000	1507141
1185000000000	1507777
1186000000000	1508417
1187000000000	1509047
1188000000000	1509687
1189000000000	1510321
1190000000000	1510951
1191000000000	1511591
1192000000000	1512219
1193000000000	1512855
1194000000000	1513485
1195000000000	1514125
1196000000000	1514753
1197000000000	1515389
1198000000000	1516019
1199000000000	1516649
1200000000000	1517283
1201000000000	1517913
1202000000000	1518549
1203000000000	1519181
1204000000000	1519817
1205000000000	1520447
1206000000000	1521083
1207000000000	1521713
1208000000000	1522337
1209000000000	1522967
1210000000000	1523595
1211000000000	1524225
1212000000000	1524855
1213000000000	1525485
1214000000000	1526109
1215000000000	1526739
1216000000000	1527363
1217000000000	1527993
1218000000000	1528625
1219000000000	1529257
1220000000000	1529883
1221000000000	1530513
1222000000000	1531137
1223000000000	1531761
1224000000000	1532385
1225000000000	1533009
1226000000000	1533633
1227000000000	1534259
1228000000000	1534883
1229000000000	1535509
1230000000000	1536137
1231000000000	1536767
1232000000000	1537393
1233000000000	1538011
1234000000000	1538631
1235000000000	1539255
1236000000000	1539873
1237000000000	1540499
1238000000000	1541119
1239000000000	1541745
1240000000000	1542371
1241000000000	1542993
1242000000000	1543617
1243000000000	1544231
1244000000000	1544855
1245000000000	1545469
1246000000000	1546089
1247000000000	1546709
1248000000000	1547337
1249000000000	1547963
1250000000000	1548577
1251000000000	1549195
1252000000000	1549815
1253000000000	1550429
1254000000000	1551049
1255000000000	1551665
1256000000000	1552291
1257000000000	1552913
1258000000000	1553527
1259000000000	1554139
1260000000000	1554753
1261000000000	1555369
1262000000000	1555989
1263000000000	1556607
1264000000000	1557227
1265000000000	1557841
1266000000000	1558455
1267000000000	1559069
1268000000000	1559679
1269000000000	1560301
1270000000000	1560923
1271000000000	1561531
1272000000000	1562139
1273000000000	1562753
1274000000000	1563369
1275000000000	1563985
1276000000000	1564603
1277000000000	1565217
1278000000000	1565819
1279000000000	1566429
1280000000000	1567043
1281000000000	1567661
1282000000000	1568277
1283000000000	1568887
1284000000000	1569495
1285000000000	1570099
1286000000000	1570709
1287000000000	1571327
1288000000000	1571941
1289000000000	1572551
1290000000000	1573153
1291000000000	1573763
1292000000000	1574377
1293000000000	1574993
1294000000000	1575595
1295000000000	1576199
1296000000000	1576809
1297000000000	1577421
1298000000000	1578033
1299000000000	1578635
1300000000000	1579239
1301000000000	1579849
1302000000000	1580461
1303000000000	1581067
1304000000000	1581671
1305000000000	1582273
1306000000000	1582879
1307000000000	1583491
1308000000000	1584097
1309000000000	1584699
1310000000000	1585299
1311000000000	1585909
1312000000000	1586523
1313000000000	1587121
1314000000000	1587725
1315000000000	1588323
1316000000000	1588937
1317000000000	1589537
1318000000000	1590135
1319000000000	1590739
1320000000000	1591345
1321000000000	1591953
1322000000000	1592551
1323000000000	1593149
1324000000000	1593749
1325000000000	1594363
1326000000000	1594961
1327000000000	1595553
1328000000000	1596153
1329000000000	1596763
1330000000000	1597367
1331000000000	1597959
1332000000000	1598559
1333000000000	1599167
1334000000000	1599767
1335000000000	1600359
1336000000000	1600959
1337000000000	1601563
1338000000000	1602161
1339000000000	1602753
1340000000000	1603349
1341000000000	1603957
1342000000000	1604551
1343000000000	1605143
1344000000000	1605745
1345000000000	1606347
1346000000000	1606939
1347000000000	1607533
1348000000000	1608137
1349000000000	1608737
1350000000000	1609325
1351000000000	1609919
1352000000000	1610523
1353000000000	1611115
1354000000000	1611703
1355000000000	1612305
1356000000000	1612901
1357000000000	1613495
1358000000000	1614083
1359000000000	1614687
1360000000000	1615275
1361000000000	1615869
1362000000000	1616461
1363000000000	1617057
1364000000000	1617645
1365000000000	1618239
1366000000000	1618843
1367000000000	1619431
1368000000000	1620019
1369000000000	1620617
1370000000000	1621207
1371000000000	1621789
1372000000000	1622385
1373000000000	1622981
1374000000000	1623565
1375000000000	1624153
1376000000000	1624753
1377000000000	1625339
1378000000000	1625929
1379000000000	1626523
1380000000000	1627111
1381000000000	1627693
1382000000000	1628291
1383000000000	1628881
1384000000000	1629459
1385000000000	1630057
1386000000000	1630647
1387000000000	1631229
1388000000000	1631821
1389000000000	1632407
1390000000000	1632989
1391000000000	1633581
1392000000000	1634171
1393000000000	1634749
1394000000000	1635341
1395000000000	1635931
1396000000000	1636509
1397000000000	1637101
1398000000000	1637687
1399000000000	1638269
1400000000000	1638861
1401000000000	1639447
1402000000000	1640023
1403000000000	1640617
1404000000000	1641201
1405000000000	1641779
1406000000000	1642367
1407000000000	1642951
1408000000000	1643529
1409000000000	1644123
1410000000000	1644699
1411000000000	1645279
1412000000000	1645873
1413000000000	1646445
1414000000000	1647029
1415000000000	1647617
1416000000000	1648189
1417000000000	1648781
1418000000000	1649361
1419000000000	1649939
1420000000000	1650527
1421000000000	1651105
1422000000000	1651679
1423000000000	1652273
1424000000000	1652845
1425000000000	1653425
1426000000000	1654007
1427000000000	1654579
1428000000000	1655167
1429000000000	1655745
1430000000000	1656319
1431000000000	1656907
1432000000000	1657479
1433000000000	1658061
1434000000000	1658641
1435000000000	1659213
1436000000000	1659803
1437000000000	1660369
1438000000000	1660949
1439000000000	1661531
1440000000000	1662099
1441000000000	1662687
1442000000000	1663255
1443000000000	1663829
1444000000000	1664417
1445000000000	1664983
1446000000000	1665567
1447000000000	1666139
1448000000000	1666709
1449000000000	1667297
1450000000000	1667863
1451000000000	1668447
1452000000000	1669015
1453000000000	1669589
1454000000000	1670167
1455000000000	1670733
1456000000000	1671317
1457000000000	1671885
1458000000000	1672461
1459000000000	1673035
1460000000000	1673603
1461000000000	1674187
1462000000000	1674749
1463000000000	1675327
1464000000000	1675895
1465000000000	1676469
1466000000000	1677047
1467000000000	1677609
1468000000000	1678193
1469000000000	1678753
1470000000000	1679331
1471000000000	1679899
1472000000000	1680469
1473000000000	1681047
1474000000000	1681609
1475000000000	1682187
1476000000000	1682749
1477000000000	1683327
1478000000000	1683889
1479000000000	1684461
1480000000000	1685031
1481000000000	1685599
1482000000000	1686171
1483000000000	1686733
1484000000000	1687313
1485000000000	1687869
1486000000000	1688447
1487000000000	1689009
1488000000000	1689581
1489000000000	1690151
1490000000000	1690709
1491000000000	1691287
1492000000000	1691843
1493000000000	1692417
1494000000000	1692979
1495000000000	1693553
1496000000000	1694109
1497000000000	1694687
1498000000000	1695245
1499000000000	1695817
1500000000000	1696375
1501000000000	1696945
1502000000000	1697511
1503000000000	1698069
1504000000000	1698641
1505000000000	1699199
1506000000000	1699771
1507000000000	1700329
1508000000000	1700897
1509000000000	1701459
1510000000000	1702033
1511000000000	1702583
1512000000000	1703157
1513000000000	1703709
1514000000000	1704283
1515000000000	1704839
1516000000000	1705407
1517000000000	1705965
1518000000000	1706527
1519000000000	1707085
1520000000000	1707657
1521000000000	1708209
1522000000000	1708777
1523000000000	1709335
1524000000000	1709897
1525000000000	1710455
1526000000000	1711021
1527000000000	1711575
1528000000000	1712141
1529000000000	1712695
1530000000000	1713261
1531000000000	1713815
1532000000000	1714381
1533000000000	1714935
1534000000000	1715497
1535000000000	1716055
1536000000000	1716617
1537000000000	1717175
1538000000000	1717737
1539000000000	1718289
1540000000000	1718851
1541000000000	1719405
1542000000000	1719967
1543000000000	1720519
1544000000000	1721083
1545000000000	1721633
1546000000000	1722197
1547000000000	1722749
1548000000000	1723313
1549000000000	1723859
1550000000000	1724421
1551000000000	1724973
1552000000000	1725537
1553000000000	1726083
1554000000000	1726647
1555000000000	1727193
1556000000000	1727755
1557000000000	1728305
1558000000000	1728865
1559000000000	1729421
1560000000000	1729975
1561000000000	1730531
1562000000000	1731079
1563000000000	1731643
1564000000000	1732189
1565000000000	1732747
1566000000000	1733293
1567000000000	1733857
1568000000000	1734399
1569000000000	1734961
1570000000000	1735505
1571000000000	1736059
1572000000000	1736617
1573000000000	1737165
1574000000000	1737723
1575000000000	1738269
1576000000000	1738827
1577000000000	1739369
1578000000000	1739927
1579000000000	1740473
1580000000000	1741031
1581000000000	1741581
1582000000000	1742125
1583000000000	1742683
1584000000000	1743229
1585000000000	1743787
1586000000000	1744329
1587000000000	1744887
1588000000000	1745429
1589000000000	1745975
1590000000000	1746531
1591000000000	1747073
1592000000000	1747633
1593000000000	1748169
1594000000000	1748727
1595000000000	1749269
1596000000000	1749819
1597000000000	1750371
1598000000000	1750913
1599000000000	1751473
1600000000000	1752009
1601000000000	1752561
1602000000000	1753105
1603000000000	1753655
1604000000000	1754207
1605000000000	1754743
1606000000000	1755297
1607000000000	1755839
1608000000000	1756391
1609000000000	1756937
1610000000000	1757473
1611000000000	1758033
1612000000000	1758569
1613000000000	1759115
1614000000000	1759661
1615000000000	1760205
1616000000000	1760757
1617000000000	1761289
1618000000000	1761841
1619000000000	1762385
1620000000000	1762925
1621000000000	1763477
1622000000000	1764013
1623000000000	1764567
1624000000000	1765105
1625000000000	1765645
1626000000000	1766193
1627000000000	1766729
1628000000000	1767275
1629000000000	1767821
1630000000000	1768359
1631000000000	1768907
1632000000000	1769439
1633000000000	1769991
1634000000000	1770531
1635000000000	1771069
1636000000000	1771617
1637000000000	1772149
1638000000000	1772695
1639000000000	1773243
1640000000000	1773773
1641000000000	1774321
1642000000000	1774861
1643000000000	1775393
1644000000000	1775941
1645000000000	1776473
1646000000000	1777015
1647000000000	1777563
1648000000000	1778093
1649000000000	1778641
1650000000000	1779181
1651000000000	1779709
1652000000000	1780257
1653000000000	1780789
1654000000000	1781329
1655000000000	1781877
1656000000000	1782403
1657000000000	1782951
1658000000000	1783487
1659000000000	1784019
1660000000000	1784567
1661000000000	1785101
1662000000000	1785629
1663000000000	1786177
1664000000000	1786705
1665000000000	1787245
1666000000000	1787787
1667000000000	1788313
1668000000000	1788855
1669000000000	1789397
1670000000000	1789923
1671000000000	1790465
1672000000000	1791003
1673000000000	1791529
1674000000000	1792071
1675000000000	1792607
1676000000000	1793139
1677000000000	1793675
1678000000000	1794211
1679000000000	1794739
1680000000000	1795281
1681000000000	1795817
1682000000000	1796343
1683000000000	1796887
1684000000000	1797417
1685000000000	1797943
1686000000000	1798487
1687000000000	1799017
1688000000000	1799543
1689000000000	1800087
1690000000000	1800617
1691000000000	1801143
1692000000000	1801681
1693000000000	1802217
1694000000000	1802739
1695000000000	1803275
1696000000000	1803811
1697000000000	1804333
1698000000000	1804871
1699000000000	1805407
1700000000000	1805929
1701000000000	1806465
1702000000000	1807003
1703000000000	1807519
1704000000000	1808055
1705000000000	1808593
1706000000000	1809113
1707000000000	1809645
1708000000000	1810181
1709000000000	1810705
1710000000000	1811233
1711000000000	1811767
1712000000000	1812297
1713000000000	1812819
1714000000000	1813355
1715000000000	1813887
1716000000000	1814409
1717000000000	1814939
1718000000000	1815473
1719000000000	1815993
1720000000000	1816525
1721000000000	1817057
1722000000000	1817581
1723000000000	1818103
1724000000000	1818635
1725000000000	1819167
1726000000000	1819689
1727000000000	1820215
1728000000000	1820753
1729000000000	1821269
1730000000000	1821793
1731000000000	1822327
1732000000000	1822857
1733000000000	1823373
1734000000000	1823899
1735000000000	1824433
1736000000000	1824949
1737000000000	1825479
1738000000000	1826007
1739000000000	1826537
1740000000000	1827049
1741000000000	1827579
1742000000000	1828113
1743000000000	1828629
1744000000000	1829149
1745000000000	1829681
1746000000000	1830207
1747000000000	1830723
1748000000000	1831249
1749000000000	1831777
1750000000000	1832301
1751000000000	1832819
1752000000000	1833345
1753000000000	1833873
1754000000000	1834389
1755000000000	1834909
1756000000000	1835441
1757000000000	1835963
1758000000000	1836479
1759000000000	1837005
1760000000000	1837527
1761000000000	1838051
1762000000000	1838563
1763000000000	1839089
1764000000000	1839617
1765000000000	1840137
1766000000000	1840649
1767000000000	1841175
1768000000000	1841701
1769000000000	1842221
1770000000000	1842733
1771000000000	1843255
1772000000000	1843781
1773000000000	1844301
1774000000000	1844819
1775000000000	1845339
1776000000000	1845861
1777000000000	1846381
1778000000000	1846893
1779000000000	1847415
1780000000000	1847941
1781000000000	1848457
1782000000000	1848969
1783000000000	1849495
1784000000000	1850017
1785000000000	1850537
1786000000000	1851043
1787000000000	1851565
1788000000000	1852087
1789000000000	1852607
1790000000000	1853119
1791000000000	1853633
1792000000000	1854155
1793000000000	1854677
1794000000000	1855189
1795000000000	1855703
1796000000000	1856225
1797000000000	1856747
1798000000000	1857261
1799000000000	1857769
1800000000000	1858289
1801000000000	1858807
1802000000000	1859327
1803000000000	1859833
1804000000000	1860349
1805000000000	1860871
1806000000000	1861393
1807000000000	1861901
1808000000000	1862409
1809000000000	1862929
1810000000000	1863447
1811000000000	1863963
1812000000000	1864469
1813000000000	1864983
1814000000000	1865499
1815000000000	1866017
1816000000000	1866537
1817000000000	1867039
1818000000000	1867553
1819000000000	1868071
1820000000000	1868593
1821000000000	1869101
1822000000000	1869609
1823000000000	1870125
1824000000000	1870641
1825000000000	1871153
1826000000000	1871661
1827000000000	1872169
1828000000000	1872685
1829000000000	1873201
1830000000000	1873717
1831000000000	1874225
1832000000000	1874729
1833000000000	1875245
1834000000000	1875761
1835000000000	1876273
1836000000000	1876781
1837000000000	1877289
1838000000000	1877799
1839000000000	1878315
1840000000000	1878827
1841000000000	1879337
1842000000000	1879839
1843000000000	1880349
1844000000000	1880865
1845000000000	1881377
1846000000000	1881887
1847000000000	1882389
1848000000000	1882899
1849000000000	1883415
1850000000000	1883927
1851000000000	1884437
1852000000000	1884941
1853000000000	1885443
1854000000000	1885953
1855000000000	1886471
1856000000000	1886977
1857000000000	1887487
1858000000000	1887989
1859000000000	1888499
1860000000000	1889005
1861000000000	1889515
1862000000000	1890027
1863000000000	1890537
1864000000000	1891033
1865000000000	1891539
1866000000000	1892049
1867000000000	1892561
1868000000000	1893073
1869000000000	1893577
1870000000000	1894073
1871000000000	1894579
1872000000000	1895089
1873000000000	1895601
1874000000000	1896107
1875000000000	1896611
1876000000000	1897109
1877000000000	1897619
1878000000000	1898125
1879000000000	1898631
1880000000000	1899137
1881000000000	1899647
1882000000000	1900145
1883000000000	1900649
1884000000000	1901149
1885000000000	1901659
1886000000000	1902167
1887000000000	1902673
1888000000000	1903177
1889000000000	1903673
1890000000000	1904179
1891000000000	1904685
1892000000000	1905191
1893000000000	1905697
1894000000000	1906203
1895000000000	1906701
1896000000000	1907199
1897000000000	1907699
1898000000000	1908205
1899000000000	1908711
1900000000000	1909217
1901000000000	1909717
1902000000000	1910217
1903000000000	1910713
1904000000000	1911219
1905000000000	1911719
1906000000000	1912225
1907000000000	1912727
1908000000000	1913233
1909000000000	1913731
1910000000000	1914225
1911000000000	1914729
1912000000000	1915229
1913000000000	1915729
1914000000000	1916231
1915000000000	1916737
1916000000000	1917237
1917000000000	1917737
1918000000000	1918229
1919000000000	1918729
1920000000000	1919229
1921000000000	1919735
1922000000000	1920231
1923000000000	1920737
1924000000000	1921237
1925000000000	1921737
1926000000000	1922229
1927000000000	1922723
1928000000000	1923223
1929000000000	1923725
1930000000000	1924225
1931000000000	1924727
1932000000000	1925227
1933000000000	1925723
1934000000000	1926221
1935000000000	1926709
1936000000000	1927209
1937000000000	1927709
1938000000000	1928205
1939000000000	1928705
1940000000000	1929207
1941000000000	1929707
1942000000000	1930203
1943000000000	1930697
1944000000000	1931189
1945000000000	1931683
1946000000000	1932179
1947000000000	1932679
1948000000000	1933175
1949000000000	1933675
1950000000000	1934171
1951000000000	1934673
1952000000000	1935167
1953000000000	1935657
1954000000000	1936149
1955000000000	1936643
1956000000000	1937139
1957000000000	1937633
1958000000000	1938129
1959000000000	1938631
1960000000000	1939127
1961000000000	1939621
1962000000000	1940117
1963000000000	1940607
1964000000000	1941101
1965000000000	1941589
1966000000000	1942083
1967000000000	1942579
1968000000000	1943069
1969000000000	1943565
1970000000000	1944059
1971000000000	1944555
1972000000000	1945051
1973000000000	1945547
1974000000000	1946043
1975000000000	1946531
1976000000000	1947021
1977000000000	1947509
1978000000000	1947999
1979000000000	1948493
1980000000000	1948989
1981000000000	1949479
1982000000000	1949975
1983000000000	1950471
1984000000000	1950961
1985000000000	1951451
1986000000000	1951947
1987000000000	1952437
1988000000000	1952927
1989000000000	1953417
1990000000000	1953905
1991000000000	1954393
1992000000000	1954883
1993000000000	1955373
1994000000000	1955863
1995000000000	1956353
1996000000000	1956845
1997000000000	1957339
1998000000000	1957831
1999000000000	1958321
2000000000000	1958811
